         IDX      CYCLES
           0       10938
           1       10940
           2       10973
           3       10933
           4       10943
           5       10921
           6       10935
           7       10918
           8       10946
           9       10961
          10       10935
          11       10931
          12       10951
          13       10983
          14       10951
          15       10927
          16       10977
          17       10931
          18       10975
          19       10937
          20       10924
          21       10890
          22       10901
          23       10968
          24       10836
          25       10942
          26       10981
          27       10944
          28       10942
          29       10944
          30       10965
          31       10933
          32       10973
          33       10926
          34       10944
          35       10920
          36       10961
          37       10943
          38       10950
          39       10969
          40       10972
          41       10952
          42       10895
          43       10932
          44       10947
          45       10963
          46       10859
          47       10937
          48       10888
          49       10949
          50       10953
          51       10921
          52       10891
          53       10786
          54       10718
          55       10931
          56       10837
          57       10944
          58       10928
          59       10933
          60       10824
          61       10931
          62       10944
          63       10914
          64       10979
          65       10939
          66       10922
          67       10915
          68       10956
          69       10915
          70       10967
          71       10958
          72       10954
          73       10968
          74       10956
          75       10977
          76       10910
          77       10925
          78       10935
          79       10913
          80       10951
          81       10952
          82       10940
          83       10975
          84       10951
          85       10924
          86       10936
          87       10944
          88       10872
          89       10959
          90       10946
          91       10968
          92       10833
          93       10956
          94       10996
          95       10944
          96       10906
          97       10936
          98       10924
          99       10929
         100       10949
         101       10913
         102       10943
         103       10935
         104       10971
         105       10915
         106       10863
         107       10892
         108       10945
         109       10966
         110       10954
         111       10944
         112       10965
         113       10959
         114       10919
         115       10792
         116       10985
         117       10956
         118       10941
         119       10947
         120       10934
         121       10932
         122       10918
         123       10948
         124       10921
         125       10999
         126       10919
         127       10920
         128       10958
         129       10990
         130       10961
         131       10948
         132       10967
         133       10707
         134       10946
         135       10976
         136       10982
         137       10886
         138       10987
         139       10899
         140       10908
         141       10927
         142       10952
         143       10907
         144       10976
         145       10898
         146       10953
         147       10922
         148       10938
         149       10948
         150       10922
         151       10931
         152       10947
         153       10929
         154       10934
         155       10942
         156       10978
         157       10962
         158       10947
         159       10932
         160       10927
         161       10961
         162       10936
         163       10958
         164       10925
         165       10913
         166       10931
         167       10927
         168       10958
         169       10930
         170       10958
         171       10925
         172       10946
         173       10950
         174       10964
         175       10932
         176       10922
         177       10918
         178       10970
         179       10949
         180       10955
         181       10938
         182       10937
         183       10981
         184       10963
         185       10939
         186       10870
         187       10962
         188       10974
         189       10962
         190       10959
         191       10940
         192       10932
         193       10942
         194       10935
         195       10929
         196       10946
         197       10944
         198       10923
         199       10931
         200       10944
         201       10894
         202       10945
         203       10959
         204       10910
         205       10935
         206       10957
         207       10925
         208       10991
         209       10976
         210       10963
         211       10923
         212       10965
         213       10945
         214       10910
         215       10946
         216       10964
         217       10970
         218       10957
         219       10904
         220       10933
         221       10946
         222       10924
         223       10962
         224       10949
         225       10982
         226       10916
         227       10960
         228       10949
         229       10961
         230       10948
         231       10922
         232       10850
         233       10960
         234       10920
         235       10915
         236       10943
         237       10964
         238       10954
         239       10961
         240       10941
         241       10922
         242       10956
         243       10892
         244       10937
         245       10948
         246       10932
         247       10929
         248       10936
         249       10930
         250       10971
         251       10959
         252       10919
         253       10982
         254       10944
         255       10930
         256       10954
         257       10947
         258       10917
         259       10945
         260       10975
         261       10940
         262       10897
         263       10968
         264       10806
         265       10936
         266       10977
         267       10932
         268       10923
         269       10902
         270       10962
         271       10887
         272       10954
         273       10921
         274       10966
         275       10956
         276       10941
         277       10886
         278       10972
         279       10926
         280       10940
         281       10771
         282       10946
         283       10878
         284       10925
         285       10804
         286       10937
         287       10925
         288       10956
         289       10891
         290       10910
         291       10933
         292       10930
         293       10929
         294       10928
         295       10915
         296       10939
         297       10926
         298       10910
         299       10918
         300       10919
         301       10923
         302       10934
         303       10967
         304       10939
         305       10934
         306       10950
         307       10931
         308       10955
         309       10940
         310       10950
         311       10856
         312       10940
         313       10962
         314       10946
         315       10936
         316       10944
         317       10854
         318       10928
         319       10743
         320       10953
         321       10908
         322       10742
         323       10959
         324       10930
         325       10940
         326       10935
         327       10895
         328       10809
         329       10952
         330       10930
         331       10956
         332       10925
         333       10958
         334       10957
         335       10933
         336       10932
         337       10902
         338       10931
         339       10910
         340       10923
         341       10955
         342       10901
         343       10926
         344       10892
         345       10936
         346       10979
         347       10965
         348       10925
         349       10944
         350       10963
         351       10791
         352       10936
         353       10973
         354       10932
         355       10943
         356       10930
         357       10926
         358       10988
         359       10983
         360       10915
         361       10960
         362       10959
         363       10927
         364       10940
         365       10922
         366       10938
         367       10914
         368       10936
         369       10943
         370       10936
         371       10973
         372       10770
         373       10960
         374       10937
         375       10946
         376       10935
         377       10932
         378       10773
         379       10930
         380       10941
         381       10942
         382       10960
         383       10936
         384       10904
         385       10864
         386       10944
         387       10940
         388       10959
         389       10977
         390       10940
         391       10944
         392       10908
         393       10951
         394       10937
         395       10961
         396       10953
         397       10935
         398       10904
         399       10958
         400       10937
         401       10940
         402       10973
         403       10788
         404       10982
         405       10877
         406       10916
         407       10931
         408       10930
         409       10964
         410       10941
         411       10941
         412       10956
         413       10954
         414       10940
         415       10923
         416       10866
         417       10931
         418       10962
         419       10901
         420       10925
         421       11002
         422       10904
         423       10948
         424       10923
         425       10789
         426       10938
         427       10960
         428       10933
         429       10952
         430       10966
         431       10937
         432       10965
         433       10911
         434       10913
         435       10936
         436       10946
         437       10920
         438       10938
         439       10947
         440       11013
         441       10935
         442       10909
         443       10932
         444       10758
         445       10926
         446       10958
         447       10946
         448       10963
         449       10939
         450       10952
         451       10898
         452       10974
         453       10924
         454       10981
         455       10979
         456       10901
         457       10940
         458       10946
         459       10950
         460       10962
         461       10943
         462       10988
         463       10930
         464       10942
         465       10935
         466       10907
         467       10934
         468       10954
         469       10934
         470       10957
         471       10945
         472       10948
         473       10937
         474       10971
         475       10950
         476       10959
         477       10952
         478       10927
         479       10959
         480       10989
         481       10965
         482       10926
         483       10910
         484       10949
         485       10943
         486       10927
         487       10933
         488       10973
         489       10956
         490       10941
         491       10938
         492       10959
         493       10930
         494       10934
         495       10926
         496       10954
         497       10955
         498       10923
         499       10981
         500       10923
         501       10758
         502       10958
         503       10899
         504       10947
         505       10954
         506       10929
         507       10956
         508       10953
         509       10844
         510       10937
         511       10938
         512       10926
         513       10929
         514       10948
         515       10949
         516       10944
         517       10936
         518       10968
         519       10933
         520       10947
         521       10971
         522       10915
         523       10979
         524       10934
         525       10924
         526       10985
         527       10957
         528       10943
         529       10847
         530       10972
         531       10891
         532       10967
         533       10920
         534       10717
         535       10743
         536       10939
         537       10936
         538       10904
         539       10952
         540       10957
         541       10949
         542       10731
         543       10967
         544       10929
         545       10989
         546       10939
         547       10961
         548       10959
         549       10935
         550       10953
         551       10874
         552       10924
         553       10954
         554       10879
         555       10833
         556       10933
         557       10919
         558       10927
         559       10907
         560       10857
         561       10966
         562       10941
         563       10931
         564       10958
         565       10941
         566       10988
         567       10833
         568       10963
         569       10974
         570       10865
         571       10993
         572       10951
         573       10959
         574       10930
         575       10955
         576       10960
         577       10970
         578       10930
         579       10950
         580       10958
         581       10915
         582       10938
         583       10797
         584       10934
         585       10951
         586       10964
         587       10948
         588       10923
         589       10966
         590       10960
         591       10964
         592       10951
         593       10948
         594       10925
         595       10969
         596       10924
         597       10983
         598       10931
         599       10927
         600       10930
         601       10947
         602       10970
         603       10963
         604       10954
         605       10937
         606       10935
         607       10934
         608       10952
         609       10931
         610       10965
         611       10950
         612       10923
         613       10964
         614       10913
         615       10946
         616       10929
         617       10929
         618       10920
         619       10970
         620       10960
         621       10942
         622       10947
         623       10943
         624       10934
         625       10949
         626       10969
         627       10978
         628       10949
         629       10946
         630       10934
         631       10755
         632       10972
         633       10973
         634       10920
         635       10968
         636       10941
         637       10895
         638       10913
         639       10937
         640       10766
         641       10927
         642       10943
         643       10931
         644       10951
         645       10902
         646       10927
         647       10772
         648       10959
         649       10787
         650       10972
         651       10926
         652       10932
         653       10962
         654       10893
         655       10950
         656       10938
         657       10959
         658       10921
         659       10979
         660       10926
         661       10911
         662       10960
         663       10921
         664       10939
         665       10933
         666       10961
         667       10929
         668       10952
         669       10931
         670       10929
         671       10921
         672       10932
         673       10936
         674       10935
         675       10985
         676       10939
         677       10935
         678       10970
         679       10959
         680       10924
         681       10967
         682       10950
         683       10973
         684       10934
         685       10984
         686       10964
         687       10920
         688       10979
         689       11000
         690       10929
         691       10963
         692       10961
         693       10926
         694       10963
         695       10959
         696       10943
         697       10968
         698       10922
         699       10909
         700       10935
         701       10913
         702       10854
         703       10931
         704       10978
         705       10931
         706       10946
         707       10929
         708       10896
         709       10917
         710       10972
         711       10946
         712       10953
         713       10944
         714       10744
         715       11007
         716       10844
         717       10895
         718       10936
         719       10933
         720       10970
         721       10952
         722       10807
         723       10940
         724       10918
         725       10932
         726       10978
         727       10935
         728       10923
         729       10956
         730       10914
         731       10944
         732       10924
         733       10959
         734       10860
         735       10953
         736       10938
         737       10971
         738       10931
         739       10958
         740       10983
         741       10945
         742       10940
         743       10899
         744       10965
         745       10933
         746       10944
         747       10957
         748       10953
         749       10974
         750       10928
         751       10997
         752       10957
         753       10957
         754       10990
         755       10933
         756       10992
         757       10978
         758       10923
         759       10962
         760       10968
         761       10958
         762       10928
         763       10934
         764       10933
         765       10942
         766       10965
         767       10972
         768       10937
         769       10920
         770       10928
         771       10812
         772       10896
         773       10921
         774       10932
         775       10885
         776       10965
         777       10946
         778       10914
         779       10907
         780       10949
         781       10957
         782       10927
         783       10930
         784       10940
         785       11001
         786       10947
         787       10961
         788       10920
         789       10907
         790       10919
         791       10902
         792       10920
         793       10949
         794       10975
         795       10897
         796       10915
         797       10968
         798       10921
         799       10945
         800       10872
         801       10951
         802       10928
         803       10941
         804       10956
         805       10902
         806       10934
         807       10914
         808       10941
         809       10946
         810       10925
         811       10932
         812       10911
         813       10968
         814       10955
         815       10948
         816       10736
         817       10985
         818       10929
         819       10904
         820       10964
         821       10924
         822       10931
         823       10914
         824       10939
         825       10976
         826       10972
         827       10924
         828       10907
         829       10943
         830       10942
         831       10990
         832       10926
         833       10933
         834       10929
         835       10937
         836       10944
         837       10956
         838       10916
         839       10960
         840       10737
         841       10967
         842       10924
         843       10919
         844       10851
         845       10922
         846       10937
         847       10951
         848       10979
         849       10925
         850       10909
         851       10904
         852       10944
         853       10949
         854       10982
         855       10951
         856       10863
         857       10974
         858       10939
         859       10950
         860       10769
         861       10939
         862       10978
         863       10920
         864       10940
         865       10938
         866       10959
         867       10971
         868       10934
         869       10950
         870       10917
         871       10927
         872       10913
         873       10964
         874       10942
         875       10969
         876       10916
         877       10940
         878       10939
         879       10961
         880       10932
         881       10951
         882       10925
         883       10889
         884       10960
         885       10941
         886       10926
         887       10964
         888       10973
         889       10959
         890       10955
         891       10933
         892       10914
         893       10901
         894       10948
         895       10948
         896       10939
         897       10961
         898       10939
         899       10988
         900       10957
         901       10968
         902       10946
         903       10862
         904       10939
         905       10962
         906       10975
         907       10980
         908       10909
         909       10926
         910       10931
         911       10792
         912       10922
         913       10965
         914       10958
         915       10928
         916       10904
         917       10983
         918       10944
         919       10936
         920       10957
         921       10864
         922       10952
         923       10950
         924       10931
         925       10942
         926       10954
         927       10951
         928       10753
         929       10929
         930       10955
         931       10911
         932       10987
         933       10933
         934       10960
         935       10913
         936       10938
         937       10912
         938       10963
         939       10932
         940       10944
         941       10913
         942       10911
         943       10854
         944       10940
         945       10940
         946       10949
         947       10963
         948       10919
         949       10928
         950       10930
         951       10936
         952       10950
         953       10945
         954       10931
         955       10936
         956       10974
         957       10954
         958       10972
         959       10964
         960       10953
         961       10929
         962       10955
         963       10910
         964       10943
         965       10926
         966       10949
         967       10927
         968       10951
         969       10973
         970       10924
         971       10940
         972       10925
         973       10964
         974       10949
         975       10965
         976       10966
         977       10927
         978       10960
         979       10944
         980       10945
         981       10977
         982       10958
         983       10940
         984       10915
         985       10953
         986       10897
         987       10915
         988       10968
         989       10834
