         IDX      CYCLES
           0        4682
           1        4680
           2        4680
           3        4683
           4        4682
           5        4682
           6        4680
           7        4683
           8        4682
           9        4680
          10        4682
          11        4683
          12        4683
          13        4680
          14        4683
          15        4680
          16        4681
          17        4681
          18        4681
          19        4682
          20        4681
          21        4682
          22        4681
          23        4681
          24        4680
          25        4683
          26        4683
          27        4680
          28        4681
          29        4683
          30        4680
          31        4680
          32        4681
          33        4681
          34        4683
          35        4681
          36        4680
          37        4680
          38        4681
          39        4682
          40        4681
          41        4683
          42        4680
          43        4680
          44        4683
          45        4683
          46        4681
          47        4680
          48        4683
          49        4680
          50        4679
          51        4679
          52        4681
          53        4680
          54        4680
          55        4682
          56        4680
          57        4680
          58        4680
          59        4683
          60        4680
          61        4680
          62        4681
          63        4680
          64        4680
          65        4683
          66        4682
          67        4680
          68        4680
          69        4681
          70        4681
          71        4682
          72        4683
          73        4682
          74        4681
          75        4682
          76        4682
          77        4681
          78        4681
          79        4680
          80        4683
          81        4681
          82        4682
          83        4681
          84        4680
          85        4680
          86        4683
          87        4680
          88        4681
          89        4682
          90        4680
          91        4681
          92        4683
          93        4680
          94        4681
          95        4681
          96        4683
          97        4680
          98        4683
          99        4680
         100        4683
         101        4683
         102        4682
         103        4682
         104        4680
         105        4682
         106        4680
         107        4681
         108        4681
         109        4683
         110        4680
         111        4682
         112        4680
         113        4683
         114        4682
         115        4683
         116        4680
         117        4682
         118        4680
         119        4682
         120        4681
         121        4682
         122        4681
         123        4681
         124        4682
         125        4681
         126        4680
         127        4683
         128        4680
         129        4681
         130        4680
         131        4681
         132        4683
         133        4680
         134        4683
         135        4680
         136        4681
         137        4683
         138        4683
         139        4683
         140        4680
         141        4681
         142        4683
         143        4680
         144        4683
         145        4680
         146        4681
         147        4682
         148        4683
         149        4681
         150        4683
         151        4680
         152        4680
         153        4681
         154        4680
         155        4682
         156        4681
         157        4681
         158        4682
         159        4682
         160        4682
         161        4682
         162        4682
         163        4681
         164        4682
         165        4682
         166        4680
         167        4680
         168        4680
         169        4681
         170        4681
         171        4680
         172        4682
         173        4680
         174        4683
         175        4683
         176        4681
         177        4681
         178        4683
         179        4680
         180        4680
         181        4681
         182        4683
         183        4683
         184        4681
         185        4683
         186        4680
         187        4680
         188        4681
         189        4682
         190        4681
         191        4680
         192        4680
         193        4680
         194        4683
         195        4681
         196        4683
         197        4680
         198        4683
         199        4683
         200        4681
         201        4683
         202        4681
         203        4680
         204        4680
         205        4680
         206        4682
         207        4681
         208        4683
         209        4682
         210        4682
         211        4682
         212        4679
         213        4681
         214        4683
         215        4681
         216        4680
         217        4680
         218        4682
         219        4683
         220        4683
         221        4680
         222        4680
         223        4683
         224        4681
         225        4681
         226        4682
         227        4682
         228        4680
         229        4680
         230        4681
         231        4680
         232        4680
         233        4680
         234        4680
         235        4683
         236        4683
         237        4683
         238        4681
         239        4683
         240        4683
         241        4683
         242        4680
         243        4681
         244        4683
         245        4681
         246        4683
         247        4680
         248        4681
         249        4683
         250        4683
         251        4680
         252        4681
         253        4680
         254        4681
         255        4680
         256        4680
         257        4683
         258        4682
         259        4682
         260        4679
         261        4683
         262        4681
         263        4680
         264        4681
         265        4681
         266        4683
         267        4682
         268        4683
         269        4682
         270        4681
         271        4680
         272        4683
         273        4683
         274        4681
         275        4682
         276        4680
         277        4682
         278        4683
         279        4681
         280        4681
         281        4680
         282        4683
         283        4680
         284        4680
         285        4681
         286        4683
         287        4680
         288        4680
         289        4681
         290        4683
         291        4681
         292        4680
         293        4683
         294        4681
         295        4680
         296        4683
         297        4681
         298        4683
         299        4683
         300        4680
         301        4681
         302        4681
         303        4681
         304        4680
         305        4680
         306        4680
         307        4683
         308        4679
         309        4683
         310        4681
         311        4681
         312        4681
         313        4681
         314        4682
         315        4682
         316        4681
         317        4680
         318        4682
         319        4680
         320        4680
         321        4682
         322        4682
         323        4681
         324        4683
         325        4681
         326        4682
         327        4680
         328        4682
         329        4682
         330        4683
         331        4680
         332        4683
         333        4683
         334        4680
         335        4680
         336        4681
         337        4681
         338        4680
         339        4683
         340        4681
         341        4682
         342        4683
         343        4683
         344        4683
         345        4680
         346        4683
         347        4680
         348        4680
         349        4683
         350        4681
         351        4681
         352        4681
         353        4683
         354        4680
         355        4680
         356        4683
         357        4680
         358        4683
         359        4681
         360        4682
         361        4682
         362        4681
         363        4680
         364        4681
         365        4682
         366        4681
         367        4681
         368        4679
         369        4681
         370        4681
         371        4682
         372        4680
         373        4680
         374        4681
         375        4683
         376        4680
         377        4682
         378        4682
         379        4682
         380        4681
         381        4681
         382        4681
         383        4683
         384        4682
         385        4681
         386        4681
         387        4681
         388        4680
         389        4683
         390        4680
         391        4682
         392        4681
         393        4680
         394        4683
         395        4681
         396        4680
         397        4683
         398        4681
         399        4680
         400        4680
         401        4680
         402        4683
         403        4681
         404        4681
         405        4680
         406        4680
         407        4681
         408        4682
         409        4680
         410        4680
         411        4680
         412        4681
         413        4679
         414        4681
         415        4681
         416        4683
         417        4681
         418        4680
         419        4680
         420        4680
         421        4682
         422        4682
         423        4680
         424        4683
         425        4683
         426        4680
         427        4680
         428        4683
         429        4680
         430        4682
         431        4682
         432        4683
         433        4681
         434        4683
         435        4681
         436        4683
         437        4681
         438        4680
         439        4683
         440        4682
         441        4681
         442        4680
         443        4683
         444        4683
         445        4682
         446        4681
         447        4680
         448        4683
         449        4682
         450        4683
         451        4681
         452        4680
         453        4680
         454        4683
         455        4683
         456        4680
         457        4681
         458        4680
         459        4682
         460        4683
         461        4680
         462        4683
         463        4683
         464        4682
         465        4682
         466        4681
         467        4683
         468        4681
         469        4682
         470        4683
         471        4680
         472        4683
         473        4682
         474        4680
         475        4680
         476        4683
         477        4680
         478        4683
         479        4683
         480        4681
         481        4682
         482        4684
         483        4681
         484        4680
         485        4684
         486        4682
         487        4680
         488        4680
         489        4683
         490        4680
         491        4680
         492        4680
         493        4683
         494        4680
         495        4681
         496        4680
         497        4680
         498        4680
         499        4681
         500        4683
         501        4681
         502        4682
         503        4681
         504        4680
         505        4683
         506        4683
         507        4683
         508        4680
         509        4680
         510        4683
         511        4681
         512        4683
         513        4681
         514        4683
         515        4682
         516        4682
         517        4680
         518        4680
         519        4682
         520        4680
         521        4680
         522        4681
         523        4681
         524        4681
         525        4681
         526        4680
         527        4683
         528        4680
         529        4681
         530        4683
         531        4681
         532        4681
         533        4681
         534        4682
         535        4682
         536        4681
         537        4682
         538        4683
         539        4682
         540        4681
         541        4683
         542        4680
         543        4681
         544        4681
         545        4683
         546        4683
         547        4680
         548        4681
         549        4683
         550        4680
         551        4680
         552        4683
         553        4680
         554        4681
         555        4681
         556        4683
         557        4680
         558        4680
         559        4680
         560        4681
         561        4680
         562        4683
         563        4680
         564        4683
         565        4683
         566        4683
         567        4682
         568        4682
         569        4681
         570        4681
         571        4680
         572        4683
         573        4680
         574        4681
         575        4680
         576        4683
         577        4683
         578        4680
         579        4682
         580        4680
         581        4680
         582        4681
         583        4681
         584        4681
         585        4682
         586        4682
         587        4681
         588        4683
         589        4680
         590        4681
         591        4680
         592        4680
         593        4683
         594        4680
         595        4681
         596        4680
         597        4683
         598        4680
         599        4681
         600        4681
         601        4682
         602        4683
         603        4680
         604        4680
         605        4683
         606        4680
         607        4681
         608        4683
         609        4681
         610        4683
         611        4681
         612        4680
         613        4680
         614        4681
         615        4681
         616        4683
         617        4683
         618        4680
         619        4682
         620        4682
         621        4682
         622        4682
         623        4680
         624        4682
         625        4681
         626        4681
         627        4681
         628        4683
         629        4680
         630        4683
         631        4680
         632        4683
         633        4680
         634        4682
         635        4682
         636        4680
         637        4682
         638        4681
         639        4679
         640        4682
         641        4680
         642        4681
         643        4680
         644        4682
         645        4683
         646        4682
         647        4680
         648        4683
         649        4681
         650        4683
         651        4680
         652        4680
         653        4680
         654        4683
         655        4681
         656        4680
         657        4680
         658        4680
         659        4683
         660        4681
         661        4681
         662        4681
         663        4680
         664        4683
         665        4680
         666        4683
         667        4681
         668        4680
         669        4682
         670        4682
         671        4680
         672        4680
         673        4683
         674        4681
         675        4681
         676        4680
         677        4682
         678        4681
         679        4681
         680        4680
         681        4680
         682        4680
         683        4680
         684        4682
         685        4681
         686        4682
         687        4682
         688        4682
         689        4682
         690        4680
         691        4682
         692        4681
         693        4680
         694        4683
         695        4680
         696        4680
         697        4683
         698        4681
         699        4680
         700        4683
         701        4682
         702        4683
         703        4680
         704        4680
         705        4683
         706        4681
         707        4683
         708        4681
         709        4680
         710        4680
         711        4681
         712        4682
         713        4681
         714        4680
         715        4681
         716        4681
         717        4683
         718        4680
         719        4680
         720        4681
         721        4682
         722        4680
         723        4682
         724        4682
         725        4681
         726        4682
         727        4681
         728        4681
         729        4682
         730        4681
         731        4680
         732        4683
         733        4683
         734        4682
         735        4680
         736        4680
         737        4683
         738        4679
         739        4681
         740        4682
         741        4679
         742        4680
         743        4681
         744        4683
         745        4683
         746        4683
         747        4683
         748        4680
         749        4681
         750        4680
         751        4683
         752        4680
         753        4681
         754        4680
         755        4680
         756        4683
         757        4680
         758        4681
         759        4680
         760        4683
         761        4681
         762        4680
         763        4682
         764        4683
         765        4680
         766        4680
         767        4683
         768        4680
         769        4681
         770        4683
         771        4680
         772        4680
         773        4683
         774        4682
         775        4681
         776        4682
         777        4680
         778        4682
         779        4681
         780        4682
         781        4679
         782        4682
         783        4682
         784        4680
         785        4680
         786        4680
         787        4681
         788        4681
         789        4681
         790        4681
         791        4680
         792        4679
         793        4681
         794        4684
         795        4680
         796        4681
         797        4680
         798        4680
         799        4681
         800        4682
         801        4683
         802        4680
         803        4680
         804        4680
         805        4680
         806        4681
         807        4682
         808        4681
         809        4683
         810        4680
         811        4683
         812        4680
         813        4683
         814        4680
         815        4681
         816        4683
         817        4680
         818        4683
         819        4680
         820        4683
         821        4683
         822        4682
         823        4682
         824        4683
         825        4683
         826        4679
         827        4680
         828        4682
         829        4682
         830        4680
         831        4682
         832        4681
         833        4680
         834        4683
         835        4682
         836        4680
         837        4680
         838        4683
         839        4680
         840        4683
         841        4683
         842        4681
         843        4683
         844        4681
         845        4681
         846        4682
         847        4682
         848        4680
         849        4682
         850        4680
         851        4681
         852        4683
         853        4683
         854        4680
         855        4683
         856        4683
         857        4683
         858        4681
         859        4682
         860        4683
         861        4680
         862        4683
         863        4680
         864        4681
         865        4681
         866        4683
         867        4680
         868        4681
         869        4682
         870        4681
         871        4680
         872        4683
         873        4682
         874        4681
         875        4680
         876        4682
         877        4682
         878        4680
         879        4682
         880        4681
         881        4682
         882        4681
         883        4684
         884        4681
         885        4682
         886        4683
         887        4680
         888        4680
         889        4680
         890        4683
         891        4680
         892        4683
         893        4681
         894        4681
         895        4682
         896        4679
         897        4683
         898        4680
         899        4682
         900        4681
         901        4681
         902        4680
         903        4683
         904        4681
         905        4680
         906        4683
         907        4680
         908        4681
         909        4683
         910        4683
         911        4681
         912        4680
         913        4683
         914        4681
         915        4683
         916        4680
         917        4683
         918        4683
         919        4681
         920        4683
         921        4680
         922        4681
         923        4681
         924        4682
         925        4683
         926        4681
         927        4680
         928        4680
         929        4681
         930        4682
         931        4682
         932        4682
         933        4682
         934        4683
         935        4680
         936        4681
         937        4681
         938        4680
         939        4682
         940        4680
         941        4683
         942        4680
         943        4683
         944        4682
         945        4681
         946        4680
         947        4679
         948        4683
         949        4682
         950        4681
         951        4680
         952        4680
         953        4679
         954        4683
         955        4681
         956        4680
         957        4681
         958        4681
         959        4680
         960        4683
         961        4680
         962        4681
         963        4681
         964        4681
         965        4683
         966        4680
         967        4683
         968        4681
         969        4680
         970        4683
         971        4680
         972        4683
         973        4681
         974        4681
         975        4683
         976        4680
         977        4681
         978        4683
         979        4683
         980        4682
         981        4681
         982        4680
         983        4682
         984        4681
         985        4684
         986        4682
         987        4681
         988        4683
         989        4681
