         IDX      L1D-WB
           0       27858
           1       27858
           2       27858
           3       27858
           4       27858
           5       27858
           6       27858
           7       27858
           8       27858
           9       27858
          10       27858
          11       27858
          12       27858
          13       27858
          14       27858
          15       27858
          16       27858
          17       27858
          18       27858
          19       27858
          20       27858
          21       27858
          22       27858
          23       27858
          24       27858
          25       27858
          26       27858
          27       27858
          28       27858
          29       27858
          30       27858
          31       27858
          32       27858
          33       27858
          34       27858
          35       27858
          36       27858
          37       27858
          38       27858
          39       27858
          40       27858
          41       27858
          42       27858
          43       27858
          44       27858
          45       27858
          46       27858
          47       27858
          48       27858
          49       27858
          50       27858
          51       27858
          52       27858
          53       27858
          54       27858
          55       27858
          56       27858
          57       27858
          58       27858
          59       27858
          60       27858
          61       27858
          62       27858
          63       27858
          64       27858
          65       27858
          66       27858
          67       27858
          68       27858
          69       27858
          70       27858
          71       27858
          72       27858
          73       27858
          74       27858
          75       27858
          76       27858
          77       27858
          78       27858
          79       27858
          80       27858
          81       27858
          82       27858
          83       27858
          84       27858
          85       27858
          86       27858
          87       27858
          88       27858
          89       27858
          90       27858
          91       27858
          92       27858
          93       27858
          94       27858
          95       27858
          96       27858
          97       27858
          98       27858
          99       27858
         100       27858
         101       27858
         102       27858
         103       27858
         104       27858
         105       27858
         106       27858
         107       27858
         108       27858
         109       27858
         110       27858
         111       27858
         112       27858
         113       27858
         114       27858
         115       27858
         116       27858
         117       27858
         118       27858
         119       27858
         120       27858
         121       27858
         122       27858
         123       27858
         124       27858
         125       27858
         126       27858
         127       27858
         128       27858
         129       27858
         130       27858
         131       27858
         132       27858
         133       27858
         134       27858
         135       27858
         136       27858
         137       27858
         138       27858
         139       27858
         140       27858
         141       27858
         142       27858
         143       27858
         144       27858
         145       27858
         146       27858
         147       27858
         148       27858
         149       27858
         150       27858
         151       27858
         152       27858
         153       27858
         154       27858
         155       27858
         156       27858
         157       27858
         158       27858
         159       27858
         160       27858
         161       27858
         162       27858
         163       27858
         164       27858
         165       27858
         166       27858
         167       27858
         168       27858
         169       27858
         170       27858
         171       27858
         172       27858
         173       27858
         174       27858
         175       27858
         176       27858
         177       27858
         178       27858
         179       27858
         180       27858
         181       27858
         182       27858
         183       27858
         184       27858
         185       27858
         186       27858
         187       27858
         188       27858
         189       27858
         190       27858
         191       27858
         192       27858
         193       27858
         194       27858
         195       27858
         196       27858
         197       27858
         198       27858
         199       27858
         200       27858
         201       27858
         202       27858
         203       27858
         204       27858
         205       27858
         206       27858
         207       27858
         208       27858
         209       27858
         210       27858
         211       27858
         212       27858
         213       27858
         214       27858
         215       27858
         216       27858
         217       27858
         218       27858
         219       27858
         220       27858
         221       27858
         222       27858
         223       27858
         224       27858
         225       27858
         226       27858
         227       27858
         228       27858
         229       27858
         230       27858
         231       27858
         232       27858
         233       27858
         234       27858
         235       27858
         236       27858
         237       27858
         238       27858
         239       27858
         240       27858
         241       27858
         242       27858
         243       27858
         244       27858
         245       27858
         246       27858
         247       27858
         248       27858
         249       27858
         250       27858
         251       27858
         252       27858
         253       27858
         254       27858
         255       27858
         256       27858
         257       27858
         258       27858
         259       27858
         260       27858
         261       27858
         262       27858
         263       27858
         264       27858
         265       27858
         266       27858
         267       27858
         268       27858
         269       27858
         270       27858
         271       27858
         272       27858
         273       27858
         274       27858
         275       27858
         276       27858
         277       27858
         278       27858
         279       27858
         280       27858
         281       27858
         282       27858
         283       27858
         284       27858
         285       27858
         286       27858
         287       27858
         288       27858
         289       27858
         290       27858
         291       27858
         292       27858
         293       27858
         294       27858
         295       27858
         296       27858
         297       27858
         298       27858
         299       27858
         300       27858
         301       27858
         302       27858
         303       27858
         304       27858
         305       27858
         306       27858
         307       27858
         308       27858
         309       27858
         310       27858
         311       27858
         312       27858
         313       27858
         314       27858
         315       27858
         316       27858
         317       27858
         318       27858
         319       27858
         320       27858
         321       27858
         322       27858
         323       27858
         324       27858
         325       27858
         326       27858
         327       27858
         328       27858
         329       27858
         330       27858
         331       27858
         332       27858
         333       27858
         334       27858
         335       27858
         336       27858
         337       27858
         338       27858
         339       27858
         340       27858
         341       27858
         342       27858
         343       27858
         344       27858
         345       27858
         346       27858
         347       27858
         348       27858
         349       27858
         350       27858
         351       27858
         352       27858
         353       27858
         354       27858
         355       27858
         356       27858
         357       27858
         358       27858
         359       27858
         360       27858
         361       27858
         362       27858
         363       27858
         364       27858
         365       27858
         366       27858
         367       27858
         368       27858
         369       27858
         370       27858
         371       27858
         372       27858
         373       27858
         374       27858
         375       27858
         376       27858
         377       27858
         378       27858
         379       27858
         380       27858
         381       27858
         382       27858
         383       27858
         384       27858
         385       27858
         386       27858
         387       27858
         388       27858
         389       27858
         390       27858
         391       27858
         392       27858
         393       27858
         394       27858
         395       27858
         396       27858
         397       27858
         398       27858
         399       27858
         400       27858
         401       27858
         402       27858
         403       27858
         404       27858
         405       27858
         406       27858
         407       27858
         408       27858
         409       27858
         410       27858
         411       27858
         412       27858
         413       27858
         414       27858
         415       27858
         416       27858
         417       27858
         418       27858
         419       27858
         420       27858
         421       27858
         422       27858
         423       27858
         424       27858
         425       27858
         426       27858
         427       27858
         428       27858
         429       27858
         430       27858
         431       27858
         432       27858
         433       27858
         434       27858
         435       27858
         436       27858
         437       27858
         438       27858
         439       27858
         440       27858
         441       27858
         442       27858
         443       27858
         444       27858
         445       27858
         446       27858
         447       27858
         448       27858
         449       27858
         450       27858
         451       27858
         452       27858
         453       27858
         454       27858
         455       27858
         456       27858
         457       27858
         458       27858
         459       27858
         460       27858
         461       27858
         462       27858
         463       27858
         464       27858
         465       27858
         466       27858
         467       27858
         468       27858
         469       27858
         470       27858
         471       27858
         472       27858
         473       27858
         474       27858
         475       27858
         476       27858
         477       27858
         478       27858
         479       27858
         480       27858
         481       27858
         482       27858
         483       27858
         484       27858
         485       27858
         486       27858
         487       27858
         488       27858
         489       27858
         490       27858
         491       27858
         492       27858
         493       27858
         494       27858
         495       27858
         496       27858
         497       27858
         498       27858
         499       27858
         500       27858
         501       27858
         502       27858
         503       27858
         504       27858
         505       27858
         506       27858
         507       27858
         508       27858
         509       27858
         510       27858
         511       27858
         512       27858
         513       27858
         514       27858
         515       27858
         516       27858
         517       27858
         518       27858
         519       27858
         520       27858
         521       27858
         522       27858
         523       27858
         524       27858
         525       27858
         526       27858
         527       27858
         528       27858
         529       27858
         530       27858
         531       27858
         532       27858
         533       27858
         534       27858
         535       27858
         536       27858
         537       27858
         538       27858
         539       27858
         540       27858
         541       27858
         542       27858
         543       27858
         544       27858
         545       27858
         546       27858
         547       27858
         548       27858
         549       27858
         550       27858
         551       27858
         552       27858
         553       27858
         554       27858
         555       27858
         556       27858
         557       27858
         558       27858
         559       27858
         560       27858
         561       27858
         562       27858
         563       27858
         564       27858
         565       27858
         566       27858
         567       27858
         568       27858
         569       27858
         570       27858
         571       27858
         572       27858
         573       27858
         574       27858
         575       27858
         576       27858
         577       27858
         578       27858
         579       27858
         580       27858
         581       27858
         582       27858
         583       27858
         584       27858
         585       27858
         586       27858
         587       27858
         588       27858
         589       27858
         590       27858
         591       27858
         592       27858
         593       27858
         594       27858
         595       27858
         596       27858
         597       27858
         598       27858
         599       27858
         600       27858
         601       27858
         602       27858
         603       27858
         604       27858
         605       27858
         606       27858
         607       27858
         608       27858
         609       27858
         610       27858
         611       27858
         612       27858
         613       27858
         614       27858
         615       27858
         616       27858
         617       27858
         618       27858
         619       27858
         620       27858
         621       27858
         622       27858
         623       27858
         624       27858
         625       27858
         626       27858
         627       27858
         628       27858
         629       27858
         630       27858
         631       27858
         632       27858
         633       27858
         634       27858
         635       27858
         636       27858
         637       27858
         638       27858
         639       27858
         640       27858
         641       27858
         642       27858
         643       27858
         644       27858
         645       27858
         646       27858
         647       27858
         648       27858
         649       27858
         650       27858
         651       27858
         652       27858
         653       27858
         654       27858
         655       27858
         656       27858
         657       27858
         658       27858
         659       27858
         660       27858
         661       27858
         662       27858
         663       27858
         664       27858
         665       27858
         666       27858
         667       27858
         668       27858
         669       27858
         670       27858
         671       27858
         672       27858
         673       27858
         674       27858
         675       27858
         676       27858
         677       27858
         678       27858
         679       27858
         680       27858
         681       27858
         682       27858
         683       27858
         684       27858
         685       27858
         686       27858
         687       27858
         688       27858
         689       27858
         690       27858
         691       27858
         692       27858
         693       27858
         694       27858
         695       27858
         696       27858
         697       27858
         698       27858
         699       27858
         700       27858
         701       27858
         702       27858
         703       27858
         704       27858
         705       27858
         706       27858
         707       27858
         708       27858
         709       27858
         710       27858
         711       27858
         712       27858
         713       27858
         714       27858
         715       27858
         716       27858
         717       27858
         718       27858
         719       27858
         720       27858
         721       27858
         722       27858
         723       27858
         724       27858
         725       27858
         726       27858
         727       27858
         728       27858
         729       27858
         730       27858
         731       27858
         732       27858
         733       27858
         734       27858
         735       27858
         736       27858
         737       27858
         738       27858
         739       27858
         740       27858
         741       27858
         742       27858
         743       27858
         744       27858
         745       27858
         746       27858
         747       27858
         748       27858
         749       27858
         750       27858
         751       27858
         752       27858
         753       27858
         754       27858
         755       27858
         756       27858
         757       27858
         758       27858
         759       27858
         760       27858
         761       27858
         762       27858
         763       27858
         764       27858
         765       27858
         766       27858
         767       27858
         768       27858
         769       27858
         770       27858
         771       27858
         772       27858
         773       27858
         774       27858
         775       27858
         776       27858
         777       27858
         778       27858
         779       27858
         780       27858
         781       27858
         782       27858
         783       27858
         784       27858
         785       27858
         786       27858
         787       27858
         788       27858
         789       27858
         790       27858
         791       27858
         792       27858
         793       27858
         794       27858
         795       27858
         796       27858
         797       27858
         798       27858
         799       27858
         800       27858
         801       27858
         802       27858
         803       27858
         804       27858
         805       27858
         806       27858
         807       27858
         808       27858
         809       27858
         810       27858
         811       27858
         812       27858
         813       27858
         814       27858
         815       27858
         816       27858
         817       27858
         818       27858
         819       27858
         820       27858
         821       27858
         822       27858
         823       27858
         824       27858
         825       27858
         826       27858
         827       27858
         828       27858
         829       27858
         830       27858
         831       27858
         832       27858
         833       27858
         834       27858
         835       27858
         836       27858
         837       27858
         838       27858
         839       27858
         840       27858
         841       27858
         842       27858
         843       27858
         844       27858
         845       27858
         846       27858
         847       27858
         848       27858
         849       27858
         850       27858
         851       27858
         852       27858
         853       27858
         854       27858
         855       27858
         856       27858
         857       27858
         858       27858
         859       27858
         860       27858
         861       27858
         862       27858
         863       27858
         864       27858
         865       27858
         866       27858
         867       27858
         868       27858
         869       27858
         870       27858
         871       27858
         872       27858
         873       27858
         874       27858
         875       27858
         876       27858
         877       27858
         878       27858
         879       27858
         880       27858
         881       27858
         882       27858
         883       27858
         884       27858
         885       27858
         886       27858
         887       27858
         888       27858
         889       27858
         890       27858
         891       27858
         892       27858
         893       27858
         894       27858
         895       27858
         896       27858
         897       27858
         898       27858
         899       27858
         900       27858
         901       27858
         902       27858
         903       27858
         904       27858
         905       27858
         906       27858
         907       27858
         908       27858
         909       27858
         910       27858
         911       27858
         912       27858
         913       27858
         914       27858
         915       27858
         916       27858
         917       27858
         918       27858
         919       27858
         920       27858
         921       27858
         922       27858
         923       27858
         924       27858
         925       27858
         926       27858
         927       27858
         928       27858
         929       27858
         930       27858
         931       27858
         932       27858
         933       27858
         934       27858
         935       27858
         936       27858
         937       27858
         938       27858
         939       27858
         940       27858
         941       27858
         942       27858
         943       27858
         944       27858
         945       27858
         946       27858
         947       27858
         948       27858
         949       27858
         950       27858
         951       27858
         952       27858
         953       27858
         954       27858
         955       27858
         956       27858
         957       27858
         958       27858
         959       27858
         960       27858
         961       27858
         962       27858
         963       27858
         964       27858
         965       27858
         966       27858
         967       27858
         968       27858
         969       27858
         970       27858
         971       27858
         972       27858
         973       27858
         974       27858
         975       27858
         976       27858
         977       27858
         978       27858
         979       27858
         980       27858
         981       27858
         982       27858
         983       27858
         984       27858
         985       27858
         986       27858
         987       27858
         988       27858
         989       27858
