         IDX      CYCLES
           0       22244
           1       22184
           2       21614
           3       22166
           4       22200
           5       21616
           6       21841
           7       22202
           8       22204
           9       21584
          10       21598
          11       21617
          12       21936
          13       21863
          14       21890
          15       22194
          16       22528
          17       22406
          18       21613
          19       22416
          20       21842
          21       21626
          22       22187
          23       21891
          24       21947
          25       22183
          26       21855
          27       21627
          28       21634
          29       21982
          30       21643
          31       22218
          32       22482
          33       22234
          34       22196
          35       21611
          36       21633
          37       21610
          38       21939
          39       21663
          40       21993
          41       21631
          42       22248
          43       21897
          44       21934
          45       21623
          46       21968
          47       21604
          48       21604
          49       22269
          50       22215
          51       22208
          52       22763
          53       21564
          54       22344
          55       22195
          56       22186
          57       21622
          58       22181
          59       22194
          60       22078
          61       21998
          62       22219
          63       22152
          64       22170
          65       21601
          66       22198
          67       21618
          68       22648
          69       21989
          70       22234
          71       22183
          72       22220
          73       21617
          74       22193
          75       21605
          76       22214
          77       21826
          78       21662
          79       22220
          80       21607
          81       21642
          82       21589
          83       22217
          84       22408
          85       22182
          86       21641
          87       21962
          88       22569
          89       21636
          90       22525
          91       21603
          92       21595
          93       21642
          94       22039
          95       21916
          96       22187
          97       21640
          98       22787
          99       21612
         100       22144
         101       22170
         102       22173
         103       21584
         104       22178
         105       21920
         106       21623
         107       22430
         108       21854
         109       21639
         110       22163
         111       21874
         112       22178
         113       21609
         114       21620
         115       21970
         116       22160
         117       22549
         118       21624
         119       22188
         120       21969
         121       21966
         122       21974
         123       22204
         124       22424
         125       21609
         126       21862
         127       21980
         128       22190
         129       22202
         130       22193
         131       21611
         132       21616
         133       22163
         134       22197
         135       22160
         136       21893
         137       22190
         138       21634
         139       21608
         140       21573
         141       21606
         142       22281
         143       22200
         144       21589
         145       21623
         146       21943
         147       21996
         148       22003
         149       22936
         150       21604
         151       22214
         152       21936
         153       22170
         154       21578
         155       21886
         156       21920
         157       22183
         158       22769
         159       21603
         160       22211
         161       22190
         162       21634
         163       22206
         164       22151
         165       22178
         166       21628
         167       22168
         168       22210
         169       22543
         170       21618
         171       22544
         172       21607
         173       21610
         174       22188
         175       22005
         176       22509
         177       22164
         178       21639
         179       22794
         180       21601
         181       21628
         182       22228
         183       22796
         184       21974
         185       21613
         186       22262
         187       21628
         188       22176
         189       22560
         190       21970
         191       22191
         192       22163
         193       21629
         194       21602
         195       22192
         196       22230
         197       22216
         198       22195
         199       21648
         200       22573
         201       22732
         202       21631
         203       22188
         204       21842
         205       22224
         206       22226
         207       22223
         208       22185
         209       22202
         210       22188
         211       22157
         212       22184
         213       22211
         214       22193
         215       22192
         216       22187
         217       22212
         218       22184
         219       22193
         220       22160
         221       21963
         222       21600
         223       21622
         224       22214
         225       21962
         226       21603
         227       22490
         228       21967
         229       22240
         230       21863
         231       22224
         232       21653
         233       22233
         234       22220
         235       22749
         236       22214
         237       22223
         238       22229
         239       22231
         240       22208
         241       21578
         242       21614
         243       21624
         244       21612
         245       22790
         246       22226
         247       22166
         248       22176
         249       22185
         250       21619
         251       22181
         252       22344
         253       21672
         254       21678
         255       22196
         256       21943
         257       21596
         258       21627
         259       22538
         260       21859
         261       22168
         262       22212
         263       21587
         264       22760
         265       22189
         266       21642
         267       22154
         268       22175
         269       22183
         270       22792
         271       21637
         272       22167
         273       21570
         274       22171
         275       21584
         276       22189
         277       21622
         278       21599
         279       21590
         280       22230
         281       22180
         282       21982
         283       22193
         284       21591
         285       22323
         286       21893
         287       21993
         288       22303
         289       21614
         290       21852
         291       22230
         292       22184
         293       21894
         294       22448
         295       21929
         296       22176
         297       21587
         298       21628
         299       21610
         300       21630
         301       21588
         302       22220
         303       22187
         304       21583
         305       22148
         306       21646
         307       22172
         308       21627
         309       22174
         310       21610
         311       22176
         312       22186
         313       21608
         314       21997
         315       22240
         316       22239
         317       22202
         318       21610
         319       22178
         320       21603
         321       21612
         322       21828
         323       22321
         324       21592
         325       21639
         326       21629
         327       22000
         328       22203
         329       21620
         330       21610
         331       21628
         332       21558
         333       21614
         334       21610
         335       21556
         336       21664
         337       21839
         338       21833
         339       21994
         340       21992
         341       22176
         342       21626
         343       21872
         344       22210
         345       21588
         346       21634
         347       22454
         348       22201
         349       22189
         350       21678
         351       22232
         352       21969
         353       21596
         354       21963
         355       21654
         356       22160
         357       21659
         358       22521
         359       22222
         360       21599
         361       22218
         362       22770
         363       22204
         364       21602
         365       21600
         366       22176
         367       22173
         368       21584
         369       22208
         370       21611
         371       22148
         372       22176
         373       21574
         374       22178
         375       21997
         376       22533
         377       22218
         378       22230
         379       21879
         380       22785
         381       22763
         382       22790
         383       22770
         384       22778
         385       22742
         386       22764
         387       22789
         388       22787
         389       22780
         390       22794
         391       22790
         392       22793
         393       22783
         394       22744
         395       22790
         396       22790
         397       22769
         398       22785
         399       22762
         400       22780
         401       22812
         402       22767
         403       22748
         404       22790
         405       22790
         406       22784
         407       22764
         408       22790
         409       22790
         410       22778
         411       22786
         412       22763
         413       22789
         414       22772
         415       22779
         416       22790
         417       22790
         418       22790
         419       22784
         420       22763
         421       22790
         422       22770
         423       22780
         424       22783
         425       22746
         426       22790
         427       22790
         428       22779
         429       22794
         430       22790
         431       22787
         432       22771
         433       22762
         434       22767
         435       22813
         436       22779
         437       22743
         438       22762
         439       22790
         440       22790
         441       22779
         442       22748
         443       22761
         444       22790
         445       22786
         446       22764
         447       22790
         448       22772
         449       22780
         450       22786
         451       22764
         452       22788
         453       22790
         454       22778
         455       22790
         456       22790
         457       22790
         458       22785
         459       22762
         460       22790
         461       22771
         462       22780
         463       22785
         464       22763
         465       22767
         466       22740
         467       22780
         468       22771
         469       22770
         470       22788
         471       22768
         472       22742
         473       22788
         474       22770
         475       22779
         476       22783
         477       22764
         478       22790
         479       22741
         480       22778
         481       22790
         482       22790
         483       22790
         484       22784
         485       22745
         486       22790
         487       22770
         488       22780
         489       22783
         490       22744
         491       22790
         492       22790
         493       22780
         494       22790
         495       22770
         496       22790
         497       22767
         498       22746
         499       22794
         500       22790
         501       22778
         502       22783
         503       22743
         504       22788
         505       22772
         506       22780
         507       22747
         508       22790
         509       22790
         510       22782
         511       22764
         512       22793
         513       22790
         514       22794
         515       22783
         516       22763
         517       22790
         518       22814
         519       22780
         520       22790
         521       22790
         522       22767
         523       22785
         524       22764
         525       22790
         526       22773
         527       22778
         528       22766
         529       22745
         530       22772
         531       22774
         532       22780
         533       22787
         534       22770
         535       22788
         536       22783
         537       22764
         538       22771
         539       22790
         540       22780
         541       22767
         542       22743
         543       22787
         544       22788
         545       22779
         546       22790
         547       22790
         548       22790
         549       22737
         550       22763
         551       22790
         552       22763
         553       22778
         554       22783
         555       22744
         556       22790
         557       22790
         558       22767
         559       22794
         560       22783
         561       22771
         562       22788
         563       22754
         564       22794
         565       22813
         566       22780
         567       22785
         568       22764
         569       22790
         570       22787
         571       22780
         572       22788
         573       22770
         574       22794
         575       22768
         576       22744
         577       22788
         578       22770
         579       22780
         580       22785
         581       22744
         582       22788
         583       22788
         584       22780
         585       22794
         586       22790
         587       22790
         588       22785
         589       22764
         590       22790
         591       22762
         592       22768
         593       22784
         594       22763
         595       22790
         596       22787
         597       22780
         598       22790
         599       22763
         600       22790
         601       22782
         602       22746
         603       22794
         604       22762
         605       22780
         606       22782
         607       22764
         608       22790
         609       22788
         610       22779
         611       22790
         612       22772
         613       22773
         614       22789
         615       22743
         616       22788
         617       22774
         618       22769
         619       22772
         620       22744
         621       22788
         622       22773
         623       22779
         624       22747
         625       22790
         626       22790
         627       22772
         628       22762
         629       22772
         630       22770
         631       22780
         632       22788
         633       22762
         634       22790
         635       22771
         636       22780
         637       22788
         638       22790
         639       22769
         640       22785
         641       22743
         642       22787
         643       22770
         644       22780
         645       22768
         646       22762
         647       22790
         648       22790
         649       22769
         650       22790
         651       22790
         652       22790
         653       22784
         654       22768
         655       22794
         656       22775
         657       22778
         658       22742
         659       22764
         660       22790
         661       22790
         662       22794
         663       22771
         664       22772
         665       22790
         666       22786
         667       22764
         668       22794
         669       22790
         670       22780
         671       22767
         672       22745
         673       22794
         674       22776
         675       22780
         676       22748
         677       22790
         678       22790
         679       22784
         680       22762
         681       22771
         682       22770
         683       22780
         684       22786
         685       22769
         686       22790
         687       22790
         688       22780
         689       22771
         690       22790
         691       22790
         692       22785
         693       22744
         694       22788
         695       22790
         696       22780
         697       22771
         698       22763
         699       22790
         700       22772
         701       22780
         702       22771
         703       22789
         704       22794
         705       22737
         706       22769
         707       22768
         708       22790
         709       22779
         710       22786
         711       22743
         712       22790
         713       22790
         714       22778
         715       22790
         716       22790
         717       22790
         718       22786
         719       22745
         720       22771
         721       22771
         722       22780
         723       22786
         724       22764
         725       22790
         726       22790
         727       22780
         728       22771
         729       22790
         730       22790
         731       22734
         732       22762
         733       22794
         734       22790
         735       22778
         736       22782
         737       22742
         738       22788
         739       22772
         740       22779
         741       22790
         742       22790
         743       22794
         744       22784
         745       22744
         746       22787
         747       22814
         748       22779
         749       22785
         750       22762
         751       22790
         752       22790
         753       22778
         754       22790
         755       22771
         756       22790
         757       22782
         758       22744
         759       22772
         760       22770
         761       22779
         762       22766
         763       22763
         764       22790
         765       22790
         766       22780
         767       22793
         768       22790
         769       22789
         770       22783
         771       22745
         772       22790
         773       22790
         774       22780
         775       22785
         776       22763
         777       22789
         778       22788
         779       22780
         780       22790
         781       22770
         782       22794
         783       22784
         784       22763
         785       22771
         786       22771
         787       22780
         788       22784
         789       22745
         790       22767
         791       22790
         792       22794
         793       22790
         794       22772
         795       22787
         796       22782
         797       22762
         798       22794
         799       22779
         800       22779
         801       22809
         802       22762
         803       22790
         804       22790
         805       22780
         806       22790
         807       22790
         808       22790
         809       22789
         810       22764
         811       22772
         812       22770
         813       22780
         814       22788
         815       22764
         816       22790
         817       22742
         818       22778
         819       22790
         820       22790
         821       22790
         822       22784
         823       22762
         824       22790
         825       22790
         826       22780
         827       22771
         828       22762
         829       22790
         830       22790
         831       22780
         832       22771
         833       22790
         834       22789
         835       22785
         836       22764
         837       22790
         838       22790
         839       22780
         840       22786
         841       22768
         842       22790
         843       22741
         844       22769
         845       22812
         846       22790
         847       22772
         848       22789
         849       22762
         850       22794
         851       22763
         852       22778
         853       22785
         854       22764
         855       22788
         856       22790
         857       22794
         858       22790
         859       22770
         860       22790
         861       22786
         862       22743
         863       22788
         864       22776
         865       22780
         866       22785
         867       22744
         868       22772
         869       22813
         870       22768
         871       22748
         872       22789
         873       22794
         874       22788
         875       22764
         876       22790
         877       22790
         878       22778
         879       22783
         880       22743
         881       22788
         882       22787
         883       22780
         884       22790
         885       22790
         886       22788
         887       22783
         888       22744
         889       22788
         890       22770
         891       22778
         892       22766
         893       22744
         894       22771
         895       22772
         896       22794
         897       22790
         898       22790
         899       22790
         900       22784
         901       22743
         902       22788
         903       22770
         904       22780
         905       22766
         906       22743
         907       22772
         908       22790
         909       22778
         910       22794
         911       22790
         912       22790
         913       22772
         914       22764
         915       22790
         916       22790
         917       22780
         918       22783
         919       22763
         920       22773
         921       22774
         922       22780
         923       22747
         924       22789
         925       22794
         926       22786
         927       22762
         928       22794
         929       22762
         930       22778
         931       22786
         932       22744
         933       22789
         934       22790
         935       22780
         936       22788
         937       22790
         938       22778
         939       22789
         940       22769
         941       22790
         942       22790
         943       22780
         944       22786
         945       22763
         946       22790
         947       22771
         948       22778
         949       22794
         950       22790
         951       22790
         952       22768
         953       22762
         954       22793
         955       22790
         956       22780
         957       22788
         958       22762
         959       22768
         960       22775
         961       22780
         962       22790
         963       22790
         964       22789
         965       22784
         966       22742
         967       22780
         968       22779
         969       22778
         970       22784
         971       22763
         972       22789
         973       22790
         974       22780
         975       22790
         976       22790
         977       22788
         978       22788
         979       22763
         980       22794
         981       22773
         982       22780
         983       22785
         984       22763
         985       22790
         986       22790
         987       22778
         988       22790
         989       22790
