         IDX L1D-REFILLS
           0        3674
           1        3666
           2        3542
           3        3665
           4        3665
           5        3537
           6        3587
           7        3663
           8        3667
           9        3544
          10        3540
          11        3548
          12        3611
          13        3601
          14        3594
          15        3668
          16        3737
          17        3722
          18        3550
          19        3719
          20        3598
          21        3552
          22        3664
          23        3596
          24        3611
          25        3661
          26        3599
          27        3544
          28        3542
          29        3618
          30        3550
          31        3668
          32        3742
          33        3672
          34        3668
          35        3536
          36        3542
          37        3542
          38        3613
          39        3550
          40        3623
          41        3546
          42        3669
          43        3610
          44        3618
          45        3546
          46        3619
          47        3542
          48        3544
          49        3682
          50        3665
          51        3668
          52        3792
          53        3541
          54        3691
          55        3666
          56        3666
          57        3542
          58        3664
          59        3667
          60        3647
          61        3616
          62        3667
          63        3664
          64        3666
          65        3540
          66        3670
          67        3542
          68        3764
          69        3618
          70        3670
          71        3668
          72        3665
          73        3543
          74        3666
          75        3544
          76        3666
          77        3590
          78        3554
          79        3666
          80        3541
          81        3546
          82        3538
          83        3670
          84        3717
          85        3661
          86        3551
          87        3609
          88        3742
          89        3541
          90        3741
          91        3542
          92        3546
          93        3544
          94        3622
          95        3612
          96        3666
          97        3546
          98        3785
          99        3542
         100        3667
         101        3669
         102        3664
         103        3544
         104        3669
         105        3614
         106        3550
         107        3719
         108        3598
         109        3552
         110        3671
         111        3596
         112        3670
         113        3542
         114        3542
         115        3611
         116        3664
         117        3739
         118        3538
         119        3664
         120        3610
         121        3610
         122        3617
         123        3671
         124        3722
         125        3547
         126        3598
         127        3614
         128        3666
         129        3671
         130        3667
         131        3545
         132        3546
         133        3666
         134        3671
         135        3667
         136        3602
         137        3667
         138        3551
         139        3545
         140        3546
         141        3549
         142        3686
         143        3665
         144        3539
         145        3542
         146        3611
         147        3615
         148        3615
         149        3819
         150        3541
         151        3670
         152        3620
         153        3670
         154        3541
         155        3600
         156        3619
         157        3673
         158        3792
         159        3540
         160        3666
         161        3661
         162        3546
         163        3666
         164        3666
         165        3663
         166        3542
         167        3665
         168        3671
         169        3736
         170        3548
         171        3745
         172        3543
         173        3541
         174        3666
         175        3612
         176        3739
         177        3668
         178        3544
         179        3792
         180        3540
         181        3546
         182        3669
         183        3793
         184        3618
         185        3546
         186        3674
         187        3539
         188        3664
         189        3738
         190        3612
         191        3667
         192        3665
         193        3551
         194        3545
         195        3665
         196        3667
         197        3668
         198        3670
         199        3542
         200        3738
         201        3786
         202        3541
         203        3667
         204        3597
         205        3667
         206        3677
         207        3673
         208        3669
         209        3673
         210        3669
         211        3673
         212        3669
         213        3673
         214        3669
         215        3673
         216        3669
         217        3673
         218        3669
         219        3673
         220        3661
         221        3622
         222        3539
         223        3544
         224        3664
         225        3613
         226        3542
         227        3732
         228        3622
         229        3670
         230        3597
         231        3675
         232        3545
         233        3666
         234        3669
         235        3791
         236        3673
         237        3665
         238        3670
         239        3672
         240        3668
         241        3536
         242        3542
         243        3548
         244        3544
         245        3792
         246        3673
         247        3666
         248        3667
         249        3667
         250        3546
         251        3667
         252        3689
         253        3552
         254        3557
         255        3670
         256        3616
         257        3544
         258        3546
         259        3736
         260        3604
         261        3671
         262        3674
         263        3547
         264        3795
         265        3671
         266        3542
         267        3666
         268        3666
         269        3667
         270        3788
         271        3544
         272        3668
         273        3542
         274        3666
         275        3548
         276        3669
         277        3542
         278        3540
         279        3540
         280        3667
         281        3669
         282        3618
         283        3667
         284        3541
         285        3685
         286        3610
         287        3613
         288        3686
         289        3548
         290        3599
         291        3669
         292        3666
         293        3615
         294        3717
         295        3614
         296        3666
         297        3540
         298        3543
         299        3544
         300        3548
         301        3542
         302        3669
         303        3667
         304        3547
         305        3669
         306        3552
         307        3672
         308        3551
         309        3671
         310        3541
         311        3665
         312        3666
         313        3542
         314        3616
         315        3665
         316        3676
         317        3671
         318        3543
         319        3665
         320        3546
         321        3546
         322        3590
         323        3695
         324        3543
         325        3548
         326        3545
         327        3617
         328        3666
         329        3543
         330        3543
         331        3547
         332        3541
         333        3545
         334        3540
         335        3539
         336        3550
         337        3591
         338        3594
         339        3619
         340        3620
         341        3666
         342        3548
         343        3595
         344        3672
         345        3541
         346        3549
         347        3717
         348        3665
         349        3671
         350        3557
         351        3662
         352        3614
         353        3545
         354        3614
         355        3550
         356        3665
         357        3545
         358        3739
         359        3671
         360        3542
         361        3673
         362        3792
         363        3670
         364        3539
         365        3539
         366        3665
         367        3664
         368        3543
         369        3673
         370        3541
         371        3669
         372        3667
         373        3541
         374        3666
         375        3612
         376        3741
         377        3669
         378        3676
         379        3594
         380        3792
         381        3792
         382        3792
         383        3792
         384        3792
         385        3792
         386        3792
         387        3792
         388        3792
         389        3792
         390        3792
         391        3792
         392        3792
         393        3792
         394        3792
         395        3792
         396        3792
         397        3792
         398        3792
         399        3792
         400        3792
         401        3792
         402        3792
         403        3792
         404        3792
         405        3792
         406        3792
         407        3792
         408        3792
         409        3792
         410        3792
         411        3792
         412        3792
         413        3792
         414        3792
         415        3792
         416        3792
         417        3792
         418        3792
         419        3792
         420        3792
         421        3792
         422        3792
         423        3792
         424        3792
         425        3792
         426        3792
         427        3792
         428        3792
         429        3792
         430        3792
         431        3792
         432        3792
         433        3792
         434        3792
         435        3792
         436        3792
         437        3792
         438        3792
         439        3792
         440        3792
         441        3792
         442        3792
         443        3792
         444        3792
         445        3792
         446        3792
         447        3792
         448        3792
         449        3792
         450        3792
         451        3792
         452        3792
         453        3792
         454        3792
         455        3792
         456        3792
         457        3792
         458        3792
         459        3792
         460        3792
         461        3792
         462        3792
         463        3792
         464        3792
         465        3792
         466        3792
         467        3792
         468        3792
         469        3792
         470        3792
         471        3792
         472        3792
         473        3792
         474        3792
         475        3792
         476        3792
         477        3792
         478        3792
         479        3792
         480        3792
         481        3792
         482        3792
         483        3792
         484        3792
         485        3792
         486        3792
         487        3792
         488        3792
         489        3792
         490        3792
         491        3792
         492        3792
         493        3792
         494        3792
         495        3792
         496        3792
         497        3792
         498        3792
         499        3792
         500        3792
         501        3792
         502        3792
         503        3792
         504        3792
         505        3792
         506        3792
         507        3792
         508        3792
         509        3792
         510        3792
         511        3792
         512        3792
         513        3792
         514        3792
         515        3792
         516        3792
         517        3792
         518        3792
         519        3792
         520        3792
         521        3792
         522        3792
         523        3792
         524        3792
         525        3792
         526        3792
         527        3792
         528        3792
         529        3792
         530        3792
         531        3792
         532        3792
         533        3792
         534        3792
         535        3792
         536        3792
         537        3792
         538        3792
         539        3792
         540        3792
         541        3792
         542        3792
         543        3792
         544        3792
         545        3792
         546        3792
         547        3792
         548        3792
         549        3792
         550        3792
         551        3792
         552        3792
         553        3792
         554        3792
         555        3792
         556        3792
         557        3792
         558        3792
         559        3792
         560        3792
         561        3792
         562        3792
         563        3792
         564        3792
         565        3792
         566        3792
         567        3792
         568        3792
         569        3792
         570        3792
         571        3792
         572        3792
         573        3792
         574        3792
         575        3792
         576        3792
         577        3792
         578        3792
         579        3792
         580        3792
         581        3792
         582        3792
         583        3792
         584        3792
         585        3792
         586        3792
         587        3792
         588        3792
         589        3792
         590        3792
         591        3792
         592        3792
         593        3792
         594        3792
         595        3792
         596        3792
         597        3792
         598        3792
         599        3792
         600        3792
         601        3792
         602        3792
         603        3792
         604        3792
         605        3792
         606        3792
         607        3792
         608        3792
         609        3792
         610        3792
         611        3792
         612        3792
         613        3792
         614        3792
         615        3792
         616        3792
         617        3792
         618        3792
         619        3792
         620        3792
         621        3792
         622        3792
         623        3792
         624        3792
         625        3792
         626        3792
         627        3792
         628        3792
         629        3792
         630        3792
         631        3792
         632        3792
         633        3792
         634        3792
         635        3792
         636        3792
         637        3792
         638        3792
         639        3792
         640        3792
         641        3792
         642        3792
         643        3792
         644        3792
         645        3792
         646        3792
         647        3792
         648        3792
         649        3792
         650        3792
         651        3792
         652        3792
         653        3792
         654        3792
         655        3792
         656        3792
         657        3792
         658        3792
         659        3792
         660        3792
         661        3792
         662        3792
         663        3792
         664        3792
         665        3792
         666        3792
         667        3792
         668        3792
         669        3792
         670        3792
         671        3792
         672        3792
         673        3792
         674        3792
         675        3792
         676        3792
         677        3792
         678        3792
         679        3792
         680        3792
         681        3792
         682        3792
         683        3792
         684        3792
         685        3792
         686        3792
         687        3792
         688        3792
         689        3792
         690        3792
         691        3792
         692        3792
         693        3792
         694        3792
         695        3792
         696        3792
         697        3792
         698        3792
         699        3792
         700        3792
         701        3792
         702        3792
         703        3792
         704        3792
         705        3792
         706        3792
         707        3792
         708        3792
         709        3792
         710        3792
         711        3792
         712        3792
         713        3792
         714        3792
         715        3792
         716        3792
         717        3792
         718        3792
         719        3792
         720        3792
         721        3792
         722        3792
         723        3792
         724        3792
         725        3792
         726        3792
         727        3792
         728        3792
         729        3792
         730        3792
         731        3792
         732        3792
         733        3792
         734        3792
         735        3792
         736        3792
         737        3792
         738        3792
         739        3792
         740        3792
         741        3792
         742        3792
         743        3792
         744        3792
         745        3792
         746        3792
         747        3792
         748        3792
         749        3792
         750        3792
         751        3792
         752        3792
         753        3792
         754        3792
         755        3792
         756        3792
         757        3792
         758        3792
         759        3792
         760        3792
         761        3792
         762        3792
         763        3792
         764        3792
         765        3792
         766        3792
         767        3792
         768        3792
         769        3792
         770        3792
         771        3792
         772        3792
         773        3792
         774        3792
         775        3792
         776        3792
         777        3792
         778        3792
         779        3792
         780        3792
         781        3792
         782        3792
         783        3792
         784        3792
         785        3792
         786        3792
         787        3792
         788        3792
         789        3792
         790        3792
         791        3792
         792        3792
         793        3792
         794        3792
         795        3792
         796        3792
         797        3792
         798        3792
         799        3792
         800        3792
         801        3792
         802        3792
         803        3792
         804        3792
         805        3792
         806        3792
         807        3792
         808        3792
         809        3792
         810        3792
         811        3792
         812        3792
         813        3792
         814        3792
         815        3792
         816        3792
         817        3792
         818        3792
         819        3792
         820        3792
         821        3792
         822        3792
         823        3792
         824        3792
         825        3792
         826        3792
         827        3792
         828        3792
         829        3792
         830        3792
         831        3792
         832        3792
         833        3792
         834        3792
         835        3792
         836        3792
         837        3792
         838        3792
         839        3792
         840        3792
         841        3792
         842        3792
         843        3792
         844        3792
         845        3792
         846        3792
         847        3792
         848        3792
         849        3792
         850        3792
         851        3792
         852        3792
         853        3792
         854        3792
         855        3792
         856        3792
         857        3792
         858        3792
         859        3792
         860        3792
         861        3792
         862        3792
         863        3792
         864        3792
         865        3792
         866        3792
         867        3792
         868        3792
         869        3792
         870        3792
         871        3792
         872        3792
         873        3792
         874        3792
         875        3792
         876        3792
         877        3792
         878        3792
         879        3792
         880        3792
         881        3792
         882        3792
         883        3792
         884        3792
         885        3792
         886        3792
         887        3792
         888        3792
         889        3792
         890        3792
         891        3792
         892        3792
         893        3792
         894        3792
         895        3792
         896        3792
         897        3792
         898        3792
         899        3792
         900        3792
         901        3792
         902        3792
         903        3792
         904        3792
         905        3792
         906        3792
         907        3792
         908        3792
         909        3792
         910        3792
         911        3792
         912        3792
         913        3792
         914        3792
         915        3792
         916        3792
         917        3792
         918        3792
         919        3792
         920        3792
         921        3792
         922        3792
         923        3792
         924        3792
         925        3792
         926        3792
         927        3792
         928        3792
         929        3792
         930        3792
         931        3792
         932        3792
         933        3792
         934        3792
         935        3792
         936        3792
         937        3792
         938        3792
         939        3792
         940        3792
         941        3792
         942        3792
         943        3792
         944        3792
         945        3792
         946        3792
         947        3792
         948        3792
         949        3792
         950        3792
         951        3792
         952        3792
         953        3792
         954        3792
         955        3792
         956        3792
         957        3792
         958        3792
         959        3792
         960        3792
         961        3792
         962        3792
         963        3792
         964        3792
         965        3792
         966        3792
         967        3792
         968        3792
         969        3792
         970        3792
         971        3792
         972        3792
         973        3792
         974        3792
         975        3792
         976        3792
         977        3792
         978        3792
         979        3792
         980        3792
         981        3792
         982        3792
         983        3792
         984        3792
         985        3792
         986        3792
         987        3792
         988        3792
         989        3792
