         IDX  CYCLES_DEG
           0    0.502537
           1    0.053810
           2    0.522247
           3    0.526772
           4    0.508290
           5    0.503570
           6    0.506947
           7    0.501126
           8    0.060074
           9    0.546973
          10    0.515162
          11    0.514410
          12    0.511869
          13    0.527657
          14    0.500323
          15    0.132140
          16    0.519931
          17    0.511937
          18    0.504488
          19    0.508328
          20    0.501975
          21    0.059638
          22    0.566530
          23    0.512026
          24    0.517148
          25    0.499078
          26    0.126452
          27    0.528166
          28    0.524043
          29    0.515695
          30    0.510783
          31    0.503754
          32    0.056115
          33    0.554044
          34    0.511161
          35    0.516138
          36    0.498783
          37    0.510219
          38    0.055241
          39    0.519716
          40    0.512243
          41    0.507965
          42    0.501325
          43    0.056993
          44    0.563872
          45    0.521616
          46    0.560151
          47    0.510734
          48    0.522132
          49    0.499962
          50    0.104824
          51    0.519133
          52    0.515016
          53    0.519066
          54    0.510900
          55    0.504707
          56    0.499436
          57    0.502424
          58    0.066075
          59    0.554657
          60    0.512917
          61    0.523074
          62    0.499190
          63    0.085568
          64    0.996561
          65    0.500849
          66    0.055153
          67    0.519624
          68    0.541789
          69    0.506436
          70    0.545215
          71    0.504510
          72    0.075389
          73    0.521254
          74    0.514045
          75    0.507359
          76    0.501064
          77    0.054462
          78    0.520732
          79    0.535781
          80    0.507620
          81    0.501856
          82    0.505881
          83    0.510453
          84    0.058508
          85    0.517861
          86    0.511391
          87    0.505304
          88    0.499115
          89    0.501756
          90    0.053876
          91    0.520767
          92    0.527047
          93    0.506233
          94    0.501677
          95    0.058021
          96    0.527615
          97    0.516978
          98    0.511143
          99    0.502154
         100    0.138915
         101    0.531043
         102    0.513561
         103    0.507341
         104    0.499858
         105    0.056482
         106    0.515386
         107    0.529630
         108    0.514331
         109    0.509933
         110    0.503880
         111    0.500071
         112    0.053892
         113    0.520749
         114    0.524043
         115    0.516861
         116    0.510517
         117    0.503181
         118    0.053956
         119    0.521243
         120    0.560651
         121    0.509471
         122    0.510248
         123    0.053708
         124    0.522988
         125    0.515711
         126    0.509726
         127    0.511254
         128    0.504452
         129    0.053792
         130    0.523114
         131    0.552914
         132    0.510648
         133    0.527827
         134    0.052693
         135    0.522669
         136    0.514496
         137    0.508323
         138    0.500332
         139    0.056973
         140    0.999294
         141    0.053828
         142    0.517361
         143    0.512331
         144    0.516405
         145    0.510462
         146    0.504621
         147    0.053830
         148    0.521685
         149    0.561270
         150    0.509610
         151    0.515078
         152    0.500066
         153    0.114492
         154    0.516863
         155    0.511415
         156    0.513753
         157    0.508266
         158    0.500035
         159    0.057561
         160    0.567366
         161    0.513871
         162    0.574683
         163    0.510409
         164    0.515423
         165    0.056475
         166    0.524339
         167    0.515735
         168    0.512517
         169    0.504831
         170    0.500829
         171    0.052341
         172    0.515961
         173    0.531123
         174    0.502000
         175    0.531671
         176    0.499752
         177    0.089489
         178    0.519024
         179    0.514804
         180    0.520053
         181    0.513512
         182    0.507102
         183    0.501338
         184    0.053934
         185    0.519778
         186    0.539541
         187    0.508471
         188    0.512891
         189    0.058933
         190    0.997755
         191    0.054803
         192    0.519088
         193    0.545120
         194    0.513116
         195    0.527478
         196    0.500577
         197    0.080494
         198    0.516220
         199    0.510334
         200    0.505200
         201    0.509460
         202    0.502190
         203    0.117104
         204    0.525257
         205    0.518734
         206    0.536208
         207    0.504258
         208    0.057592
         209    0.520446
         210    0.516600
         211    0.519825
         212    0.516310
         213    0.510827
         214    0.505470
         215    0.498613
         216    0.502917
         217    0.055192
         218    0.523563
         219    0.519157
         220    0.508611
         221    0.501911
         222    0.060337
         223    0.533262
         224    0.514963
         225    0.545796
         226    0.514348
         227    0.528584
         228    0.500420
         229    0.129789
         230    0.520541
         231    0.512630
         232    0.506025
         233    0.512044
         234    0.504302
         235    0.499695
         236    0.052233
         237    0.515556
         238    0.565053
         239    0.511924
         240    0.525175
         241    0.501132
         242    0.114554
         243    0.519267
         244    0.513110
         245    0.505496
         246    0.500161
         247    0.503581
         248    0.056506
         249    0.574272
         250    0.512966
         251    0.522786
         252    0.498934
         253    0.115609
         254    0.524594
         255    0.518500
         256    0.511249
         257    0.504935
         258    0.499038
         259    0.502544
         260    0.053989
         261    0.519964
         262    0.538453
         263    0.504512
         264    0.504300
         265    0.058313
         266    0.521132
         267    0.522747
         268    0.517918
         269    0.510559
         270    0.502884
         271    0.055046
         272    0.522112
         273    0.565082
         274    0.510175
         275    0.507795
         276    0.056424
         277    0.520929
         278    0.512039
         279    0.516918
         280    0.510584
         281    0.502588
         282    0.053947
         283    0.521110
         284    0.551087
         285    0.507896
         286    0.511566
         287    0.057223
         288    0.519232
         289    0.511687
         290    0.515403
         291    0.510555
         292    0.503782
         293    0.053883
         294    0.523603
         295    0.549165
         296    0.511953
         297    0.521081
         298    0.498611
         299    0.508659
         300    0.057774
         301    0.519212
         302    0.511867
         303    0.508078
         304    0.500332
         305    0.150899
         306    0.541103
         307    0.514631
         308    0.525379
         309    0.509925
         310    0.503908
         311    0.060149
         312    0.522149
         313    0.513116
         314    0.507695
         315    0.501929
         316    0.506669
         317    0.499803
         318    0.134034
         319    0.517542
         320    0.512097
         321    0.516186
         322    0.509726
         323    0.503021
         324    0.058691
         325    0.562230
         326    0.512466
         327    0.519511
         328    0.053881
         329    0.524178
         330    0.517319
         331    0.509190
         332    0.513357
         333    0.506335
         334    0.499980
         335    0.057736
         336    0.565809
         337    0.520831
         338    0.548970
         339    0.508432
         340    0.510564
         341    0.054316
         342    0.521590
         343    0.512714
         344    0.506339
         345    0.499770
         346    0.056575
         347    0.571876
         348    0.523819
         349    0.571151
         350    0.510973
         351    0.514118
         352    0.053982
         353    0.520652
         354    0.513758
         355    0.508213
         356    0.501957
         357    0.057594
         358    0.572841
         359    0.512044
         360    0.566820
         361    0.510363
         362    0.518075
         363    0.499962
         364    0.095634
         365    0.518843
         366    0.512596
         367    0.515191
         368    0.510059
         369    0.504136
         370    0.054947
         371    0.565497
         372    0.514970
         373    0.532193
         374    0.501084
         375    0.091644
         376    0.519739
         377    0.513725
         378    0.507416
         379    0.502862
         380    0.506801
         381    0.502322
         382    0.053932
         383    0.522800
         384    0.553520
         385    0.510568
         386    0.517343
         387    0.058917
         388    0.521999
         389    0.516562
         390    0.521851
         391    0.515888
         392    0.511139
         393    0.505406
         394    0.501442
         395    0.053892
         396    0.518794
         397    0.530355
         398    0.505253
         399    0.499394
         400    0.502973
         401    0.059001
         402    0.521641
         403    0.518783
         404    0.510130
         405    0.503698
         406    0.052706
         407    0.522705
         408    0.531183
         409    0.520092
         410    0.511955
         411    0.503734
         412    0.056086
         413    0.521911
         414    0.527310
         415    0.511455
         416    0.513512
         417    0.499325
         418    0.131840
         419    0.518456
         420    0.522917
         421    0.516069
         422    0.511214
         423    0.505890
         424    0.499578
         425    0.054312
         426    0.516359
         427    0.576380
         428    0.512961
         429    0.532435
         430    0.500219
         431    0.125306
         432    0.518471
         433    0.513132
         434    0.505494
         435    0.510511
         436    0.503152
         437    0.054995
         438    0.577634
         439    0.512119
         440    0.521251
         441    0.499841
         442    0.114260
         443    0.517443
         444    0.512145
         445    0.514532
         446    0.510464
         447    0.504229
         448    0.056453
         449    0.584729
         450    0.515498
         451    0.531994
         452    0.502064
         453    0.104853
         454    0.519214
         455    0.512519
         456    0.505286
         457    0.499155
         458    0.052961
         459    0.524813
         460    0.567503
         461    0.511825
         462    0.519539
         463    0.055823
         464    0.523043
         465    0.514680
         466    0.510539
         467    0.504811
         468    0.499102
         469    0.053921
         470    0.527832
         471    0.568085
         472    0.515589
         473    0.532711
         474    0.503291
         475    0.502809
         476    0.057583
         477    0.513950
         478    0.519181
         479    0.512800
         480    0.506381
         481    0.501765
         482    0.053949
         483    0.521322
         484    0.545712
         485    0.507744
         486    0.516027
         487    0.058610
         488    0.998361
         489    0.052775
         490    0.518456
         491    0.543412
         492    0.507304
         493    0.536162
         494    0.505293
         495    0.507469
         496    0.057685
         497    0.515485
         498    0.508193
         499    0.502165
         500    0.504278
         501    0.499892
         502    0.055009
         503    0.520929
         504    0.530052
         505    0.518394
         506    0.529586
         507    0.506600
         508    0.057955
         509    0.521712
         510    0.517118
         511    0.507496
         512    0.503970
         513    0.053814
         514    0.521466
         515    0.517087
         516    0.507392
         517    0.500493
         518    0.060476
         519    0.522238
         520    0.513523
         521    0.507764
         522    0.510555
         523    0.505620
         524    0.052545
         525    0.521771
         526    0.513952
         527    0.508299
         528    0.501812
         529    0.058747
         530    0.558488
         531    0.514435
         532    0.533490
         533    0.502351
         534    0.134921
         535    0.998777
         536    0.058837
         537    0.524297
         538    0.511822
         539    0.538632
         540    0.510466
         541    0.510632
         542    0.054677
         543    0.521238
         544    0.512079
         545    0.503957
         546    0.499440
         547    0.058687
         548    0.551711
         549    0.520816
         550    0.548327
         551    0.511393
         552    0.520663
         553    0.500343
         554    0.123961
         555    0.518684
         556    0.513172
         557    0.506102
         558    0.512216
         559    0.504828
         560    0.055776
         561    0.571093
         562    0.514886
         563    0.538276
         564    0.502833
         565    0.116485
         566    0.518071
         567    0.513136
         568    0.503915
         569    0.056705
         570    0.569733
         571    0.515087
         572    0.545259
         573    0.514247
         574    0.547648
         575    0.504227
         576    0.501957
         577    0.056316
         578    0.520875
         579    0.521566
         580    0.516885
         581    0.507562
         582    0.501095
         583    0.053958
         584    0.519577
         585    0.547703
         586    0.509077
         587    0.515963
         588    0.506326
         589    0.506996
         590    0.058293
         591    0.519526
         592    0.510727
         593    0.504371
         594    0.507341
         595    0.502075
         596    0.053848
         597    0.520694
         598    0.544456
         599    0.510095
         600    0.515852
         601    0.058749
         602    0.521716
         603    0.526122
         604    0.522786
         605    0.515299
         606    0.510604
         607    0.501829
         608    0.102349
         609    0.545157
         610    0.512002
         611    0.516511
         612    0.500060
         613    0.066165
         614    0.525832
         615    0.521322
         616    0.512860
         617    0.505634
         618    0.052512
         619    0.522764
         620    0.529734
         621    0.510161
         622    0.506503
         623    0.058641
         624    0.520723
         625    0.512316
         626    0.506753
         627    0.501736
         628    0.506005
         629    0.499467
         630    0.132572
         631    0.518343
         632    0.522559
         633    0.515801
         634    0.509453
         635    0.502353
         636    0.058689
         637    0.548603
         638    0.513373
         639    0.521187
         640    0.500307
         641    0.133817
         642    0.519163
         643    0.513015
         644    0.517144
         645    0.510491
         646    0.501508
         647    0.058090
         648    0.567291
         649    0.513059
         650    0.522649
         651    0.499954
         652    0.116450
         653    0.518801
         654    0.522671
         655    0.515813
         656    0.508011
         657    0.503192
         658    0.057532
         659    0.565513
         660    0.512621
         661    0.529964
         662    0.501977
         663    0.118967
         664    0.520446
         665    0.514857
         666    0.507222
         667    0.512515
         668    0.506509
         669    0.500905
         670    0.055093
         671    0.519464
         672    0.544790
         673    0.504048
         674    0.536684
         675    0.501809
         676    0.100763
         677    0.521639
         678    0.515184
         679    0.507202
         680    0.501829
         681    0.053783
         682    0.997142
         683    0.102942
         684    0.526927
         685    0.521554
         686    0.513116
         687    0.509573
         688    0.502280
         689    0.056730
         690    0.575437
         691    0.513981
         692    0.529320
         693    0.500902
         694    0.102758
         695    0.517704
         696    0.514572
         697    0.518821
         698    0.513178
         699    0.506454
         700    0.502280
         701    0.053843
         702    0.521128
         703    0.548369
         704    0.505384
         705    0.501290
         706    0.057340
         707    0.514419
         708    0.517297
         709    0.511183
         710    0.504574
         711    0.498870
         712    0.502322
         713    0.098120
         714    0.555040
         715    0.517248
         716    0.526881
         717    0.500571
         718    0.079235
         719    0.517724
         720    0.513532
         721    0.517078
         722    0.513050
         723    0.505472
         724    0.501539
         725    0.053905
         726    0.521061
         727    0.526598
         728    0.508821
         729    0.511424
         730    0.506346
         731    0.503123
         732    0.060722
         733    0.518858
         734    0.521251
         735    0.514218
         736    0.508582
         737    0.502572
         738    0.053755
         739    0.522227
         740    0.520480
         741    0.509971
         742    0.503966
         743    0.058742
         744    0.546551
         745    0.513514
         746    0.535332
         747    0.509710
         748    0.506852
         749    0.053794
         750    0.520822
         751    0.513813
         752    0.506870
         753    0.502181
         754    0.058411
         755    0.997923
         756    0.054292
         757    0.517679
         758    0.523008
         759    0.514176
         760    0.506611
         761    0.499929
         762    0.054765
         763    0.516680
         764    0.537544
         765    0.513795
         766    0.530353
         767    0.500186
         768    0.124094
         769    0.518898
         770    0.512585
         771    0.515733
         772    0.510088
         773    0.503097
         774    0.057192
         775    0.566276
         776    0.514136
         777    0.540223
         778    0.503718
         779    0.117560
         780    0.519825
         781    0.514364
         782    0.506492
         783    0.511526
         784    0.504141
         785    0.500184
         786    0.053739
         787    0.515642
         788    0.533452
         789    0.512698
         790    0.518792
         791    0.500692
         792    0.093659
         793    0.516069
         794    0.511329
         795    0.505468
         796    0.512486
         797    0.505326
         798    0.500743
         799    0.055159
         800    0.521519
         801    0.556920
         802    0.507604
         803    0.539190
         804    0.506014
         805    0.089151
         806    0.523123
         807    0.516746
         808    0.510254
         809    0.503862
         810    0.053772
         811    0.523039
         812    0.542808
         813    0.509135
         814    0.514585
         815    0.060474
         816    0.520794
         817    0.513645
         818    0.507341
         819    0.511395
         820    0.505432
         821    0.499334
         822    0.098662
         823    0.540784
         824    0.521227
         825    0.525131
         826    0.506905
         827    0.505368
         828    0.057382
         829    0.517502
         830    0.511599
         831    0.503395
         832    0.507810
         833    0.500706
         834    0.053918
         835    0.519113
         836    0.517038
         837    0.506198
         838    0.511212
         839    0.503698
         840    0.055190
         841    0.517367
         842    0.512840
         843    0.505251
         844    0.500993
         845    0.052744
         846    0.520077
         847    0.511486
         848    0.504410
         849    0.055071
         850    0.999712
         851    0.131868
         852    0.532441
         853    0.513355
         854    0.517098
         855    0.501272
         856    0.055318
         857    0.516231
         858    0.520840
         859    0.511528
         860    0.506837
         861    0.500296
         862    0.139205
         863    0.522495
         864    0.512470
         865    0.507403
         866    0.511906
         867    0.504917
         868    0.499056
         869    0.504404
         870    0.058147
         871    0.571894
         872    0.515450
         873    0.541143
         874    0.503103
         875    0.125202
         876    0.522481
         877    0.514344
         878    0.509345
         879    0.504342
         880    0.054230
         881    0.999622
         882    0.121207
         883    0.522749
         884    0.516434
         885    0.509606
         886    0.500967
         887    0.054524
         888    0.527513
         889    0.573865
         890    0.513842
         891    0.542748
         892    0.503052
         893    0.117631
         894    0.521818
         895    0.516478
         896    0.510648
         897    0.504767
         898    0.052399
         899    0.521232
         900    0.549508
         901    0.509190
         902    0.547581
         903    0.507250
         904    0.511194
         905    0.054520
         906    0.520692
         907    0.513415
         908    0.506556
         909    0.052620
         910    0.521725
         911    0.590204
         912    0.518051
         913    0.545162
         914    0.505541
         915    0.104910
         916    0.521442
         917    0.514731
         918    0.505417
         919    0.499768
         920    0.055095
         921    0.518799
         922    0.576745
         923    0.516038
         924    0.545489
         925    0.505589
         926    0.504981
         927    0.055544
         928    0.517416
         929    0.507600
         930    0.503711
         931    0.052425
         932    0.998467
         933    0.101267
         934    0.517233
         935    0.511634
         936    0.514169
         937    0.510371
         938    0.503508
         939    0.056044
         940    0.567902
         941    0.516357
         942    0.551985
         943    0.506899
         944    0.508447
         945    0.056761
         946    0.517843
         947    0.511101
         948    0.513492
         949    0.508447
         950    0.500580
         951    0.053832
         952    0.520623
         953    0.545356
         954    0.505928
         955    0.532359
         956    0.500750
         957    0.078375
         958    0.519628
         959    0.511933
         960    0.505169
         961    0.509858
         962    0.503669
         963    0.110376
         964    0.547307
         965    0.515049
         966    0.529446
         967    0.500995
         968    0.069859
         969    0.519809
         970    0.514766
         971    0.507332
         972    0.512663
         973    0.504798
         974    0.117246
         975    0.535971
         976    0.515580
         977    0.519960
         978    0.500639
         979    0.062429
         980    0.519551
         981    0.514569
         982    0.506881
         983    0.511433
         984    0.503141
         985    0.133348
         986    0.529701
         987    0.515330
         988    0.508219
         989    0.502334
