         IDX      CYCLES
           0    59248170
           1    59998243
           2    57748597
           3    59998244
           4    59248220
           5    59248210
           6    59248242
           7    59998306
           8    59248207
           9    59998302
          10    59248242
          11    59248247
          12    59998274
          13    59248251
          14    59998307
          15    59248225
          16    59998321
          17    59248255
          18    59248234
          19    59998312
          20    59248249
          21    59248245
          22    59248227
          23    59248240
          24    59998296
          25    59248222
          26    59998302
          27    59248262
          28    59248253
          29    59248230
          30    59248250
          31    59248249
          32    59248230
          33    59998325
          34    59248250
          35    59248240
          36    59248206
          37    59998315
          38    59248240
          39    59998305
          40    59248247
          41    59248260
          42    59248236
          43    59998297
          44    59248187
          45    59248236
          46    59998311
          47    59248189
          48    59248204
          49    59998302
          50    59248209
          51    59998294
          52    59248225
          53    59248200
          54    59998307
          55    59248238
          56    59248223
          57    59998281
          58    59248237
          59    59248225
          60    59248225
          61    59998325
          62    59248217
          63    59248229
          64    59998281
          65    59248237
          66    59248222
          67    59998311
          68    59248176
          69    59248232
          70    59998296
          71    59248205
          72    59248221
          73    59248223
          74    59998285
          75    59248256
          76    59998290
          77    59248229
          78    59248205
          79    59248251
          80    59998271
          81    59248227
          82    59998279
          83    59248253
          84    59248206
          85    59998295
          86    59248204
          87    59248242
          88    59248242
          89    59248209
          90    59998294
          91    59248240
          92    59248231
          93    59998290
          94    59248220
          95    59248233
          96    59998291
          97    59248218
          98    59248233
          99    59998300
         100    59248176
         101    59998310
         102    59248214
         103    59248209
         104    59248245
         105    59248218
         106    59998282
         107    59248200
         108    59998281
         109    59248217
         110    59248208
         111    59998326
         112    59248236
         113    59998291
         114    59248230
         115    59248210
         116    59998296
         117    59248187
         118    59998298
         119    59248224
         120    59248210
         121    59998323
         122    59248226
         123    59248229
         124    59998276
         125    59248270
         126    59248225
         127    59248227
         128    59248233
         129    59998288
         130    59248229
         131    59248221
         132    59998291
         133    59248244
         134    59248229
         135    59998301
         136    59248244
         137    59248231
         138    59998286
         139    59248234
         140    59998299
         141    59248242
         142    59998283
         143    59248256
         144    59248226
         145    59248229
         146    59998310
         147    59248215
         148    59248215
         149    59998272
         150    59248261
         151    59248210
         152    59248226
         153    59998315
         154    59248231
         155    59248206
         156    59998281
         157    59248251
         158    59248221
         159    59248221
         160    59998299
         161    59248242
         162    59248221
         163    59998280
         164    59248251
         165    59998298
         166    59248223
         167    59998315
         168    59248226
         169    59248222
         170    59998285
         171    59248271
         172    59248191
         173    59248240
         174    59998307
         175    59248221
         176    59998288
         177    59248211
         178    59248247
         179    59998289
         180    59248185
         181    59998305
         182    59248247
         183    59248213
         184    59248234
         185    59998302
         186    59998300
         187    59248195
         188    59248231
         189    59998307
         190    59248192
         191    59998291
         192    59248225
         193    59248221
         194    59998312
         195    59248234
         196    59248225
         197    59248227
         198    59998311
         199    59248231
         200    59998257
         201    59248217
         202    59248232
         203    59998289
         204    59248195
         205    59998305
         206    59248247
         207    59248213
         208    59248234
         209    59998302
         210    59998285
         211    59248195
         212    59248230
         213    59998307
         214    59248213
         215    59998299
         216    59248231
         217    59998260
         218    59248253
         219    59248234
         220    59998291
         221    59248209
         222    59998282
         223    59248232
         224    59248210
         225    59998292
         226    59248217
         227    59998289
         228    59248194
         229    59248242
         230    59998301
         231    59248208
         232    59248234
         233    59998302
         234    59248219
         235    59998291
         236    59248230
         237    59998283
         238    59248255
         239    59248242
         240    59998291
         241    59248266
         242    59248217
         243    59248254
         244    59998292
         245    59248242
         246    59248221
         247    59248208
         248    59248244
         249    59998308
         250    59248200
         251    59248216
         252    59998304
         253    59248240
         254    59248231
         255    59998280
         256    59248229
         257    59248236
         258    59998298
         259    59248237
         260    59998269
         261    59248242
         262    59248211
         263    59998312
         264    59248231
         265    59248242
         266    59998269
         267    59248251
         268    59248221
         269    59998291
         270    59248224
         271    59248244
         272    59248200
         273    59248202
         274    59248237
         275    59248240
         276    59998296
         277    59248193
         278    59248223
         279    59998311
         280    59248176
         281    59998276
         282    59248208
         283    59248225
         284    59998311
         285    59248232
         286    59248217
         287    59998296
         288    59248237
         289    59998317
         290    59248236
         291    59248238
         292    59998280
         293    59248231
         294    59998287
         295    59248254
         296    59248231
         297    59248242
         298    59998313
         299    59248240
         300    59248210
         301    59248197
         302    59248233
         303    59248220
         304    59998291
         305    59248202
         306    59248211
         307    59998291
         308    59248191
         309    59248221
         310    59998284
         311    59248216
         312    59248231
         313    59998302
         314    59248199
         315    59998294
         316    59248249
         317    59998274
         318    59248222
         319    59248229
         320    59998294
         321    59248211
         322    59248226
         323    59998289
         324    59248210
         325    59998305
         326    59248226
         327    59248197
         328    59248234
         329    59998281
         330    59248221
         331    59998267
         332    59248229
         333    59248240
         334    59248247
         335    59998267
         336    59248240
         337    59248242
         338    59998299
         339    59248236
         340    59998302
         341    59248218
         342    59248209
         343    59998326
         344    59248236
         345    59248226
         346    59998294
         347    59248242
         348    59998286
         349    59248229
         350    59998282
         351    59248238
         352    59248232
         353    59998315
         354    59248186
         355    59248221
         356    59248221
         357    59248209
         358    59998309
         359    59248235
         360    59998281
         361    59248204
         362    59998299
         363    59248254
         364    59248197
         365    59248229
         366    59248220
         367    59998300
         368    59248208
         369    59248239
         370    59248225
         371    59998310
         372    59248199
         373    59998296
         374    59248252
         375    59248197
         376    59998295
         377    59248240
         378    59248227
         379    59248223
         380    59248233
         381    59248229
         382    59998299
         383    59248193
         384    59248232
         385    59248229
         386    59998276
         387    59248265
         388    59248220
         389    59998311
         390    59248244
         391    59998303
         392    59248236
         393    59248237
         394    59998296
         395    59248240
         396    59998287
         397    59248255
         398    59248247
         399    59998282
         400    59248234
         401    59248242
         402    59998286
         403    59248216
         404    59248204
         405    59998302
         406    59248209
         407    59248229
         408    59248229
         409    59998287
         410    59248244
         411    59998300
         412    59248230
         413    59998318
         414    59248239
         415    59248225
         416    59998271
         417    59248249
         418    59998300
         419    59248242
         420    59998281
         421    59248251
         422    59248221
         423    59998302
         424    59248251
         425    59248237
         426    59998291
         427    59248271
         428    59998277
         429    59248240
         430    59248258
         431    59248209
         432    59998280
         433    59248210
         434    59998272
         435    59248253
         436    59248207
         437    59998317
         438    59248215
         439    59998269
         440    59248192
         441    59248234
         442    59998291
         443    59248211
         444    59248211
         445    59998287
         446    59248211
         447    59248206
         448    59998270
         449    59248204
         450    59248234
         451    59998316
         452    59248191
         453    59248229
         454    59998285
         455    59248202
         456    59998293
         457    59248222
         458    59248213
         459    59998311
         460    59248221
         461    59248217
         462    59248208
         463    59998311
         464    59248242
         465    59998276
         466    59248214
         467    59248240
         468    59998272
         469    59248193
         470    59248223
         471    59998293
         472    59248200
         473    59248226
         474    59248211
         475    59248226
         476    59998290
         477    59248247
         478    59248211
         479    59998295
         480    59248215
         481    59248247
         482    59248228
         483    59998287
         484    59248221
         485    59248232
         486    59998276
         487    59248210
         488    59248231
         489    59248242
         490    59998260
         491    59248240
         492    59248230
         493    59248221
         494    59998274
         495    59248245
         496    59248236
         497    59248247
         498    59998287
         499    59248260
         500    59998267
         501    59248254
         502    59248227
         503    59248227
         504    59998284
         505    59248199
         506    59248229
         507    59248249
         508    59248176
         509    59998304
         510    59248239
         511    59248220
         512    59998275
         513    59248258
         514    59248222
         515    59998310
         516    59248197
         517    59248217
         518    59998299
         519    59248169
         520    59248236
         521    59998314
         522    59248199
         523    59248258
         524    59248215
         525    59998294
         526    59248231
         527    59248242
         528    59248221
         529    59248209
         530    59998306
         531    59248251
         532    59248221
         533    59248208
         534    59998322
         535    59248220
         536    59248242
         537    59248209
         538    59248229
         539    59998302
         540    59248235
         541    59248202
         542    59248223
         543    59998291
         544    59248231
         545    59998281
         546    59248225
         547    59248220
         548    59248220
         549    59998293
         550    59248209
         551    59248244
         552    59248220
         553    59998287
         554    59248244
         555    59248249
         556    59998271
         557    59248266
         558    59248237
         559    59248209
         560    59248244
         561    59998306
         562    59248236
         563    59248216
         564    59248236
         565    59248231
         566    59998275
         567    59248205
         568    59248229
         569    59248236
         570    59998276
         571    59248260
         572    59998300
         573    59248233
         574    59248244
         575    59248231
         576    59998293
         577    59248220
         578    59248229
         579    59998294
         580    59248201
         581    59998306
         582    59248250
         583    59248190
         584    59998292
         585    59248223
         586    59998289
         587    59248206
         588    59998307
         589    59248229
         590    59248220
         591    59998322
         592    59248232
         593    59248249
         594    59998267
         595    59248249
         596    59248232
         597    59998302
         598    59248208
         599    59998293
         600    59248225
         601    59248205
         602    59998314
         603    59248244
         604    59248244
         605    59998276
         606    59248239
         607    59998281
         608    59248225
         609    59998249
         610    59248258
         611    59248213
         612    59998280
         613    59248206
         614    59248221
         615    59998304
         616    59248210
         617    59998284
         618    59248247
         619    59248213
         620    59998299
         621    59248242
         622    59998299
         623    59248199
         624    59248229
         625    59998302
         626    59248209
         627    59998288
         628    59248244
         629    59998281
         630    59248259
         631    59248229
         632    59248220
         633    59998314
         634    59248234
         635    59998289
         636    59248210
         637    59998281
         638    59248242
         639    59998271
         640    59248234
         641    59248236
         642    59998294
         643    59248222
         644    59248222
         645    59998291
         646    59248194
         647    59998302
         648    59248223
         649    59998279
         650    59248241
         651    59248235
         652    59998280
         653    59248202
         654    59248242
         655    59248212
         656    59248214
         657    59998311
         658    59248221
         659    59998282
         660    59248202
         661    59998305
         662    59248247
         663    59248212
         664    59248234
         665    59998302
         666    59998281
         667    59248210
         668    59248231
         669    59998313
         670    59248199
         671    59998291
         672    59248231
         673    59248211
         674    59998297
         675    59248234
         676    59248225
         677    59998289
         678    59248234
         679    59248242
         680    59998276
         681    59248256
         682    59248189
         683    59998276
         684    59248190
         685    59248196
         686    59998276
         687    59248161
         688    59248192
         689    59998267
         690    59248174
         691    59998279
         692    59248197
         693    59998260
         694    59248208
         695    59248197
         696    59998253
         697    59248164
         698    59998269
         699    59248201
         700    57748584
         701    59998257
         702    59248221
         703    59998269
         704    59248213
         705    59248222
         706    59998280
         707    59248241
         708    59998277
         709    59248244
         710    59998290
         711    59248234
         712    59248218
         713    59248225
         714    59998271
         715    59248244
         716    59248229
         717    59998310
         718    59248188
         719    59998291
         720    59248223
         721    59248221
         722    59998313
         723    59248223
         724    59248223
         725    59998302
         726    59248254
         727    59998310
         728    59248202
         729    59248200
         730    59998315
         731    59248223
         732    59248223
         733    59998281
         734    59248237
         735    59248234
         736    59998301
         737    59248265
         738    59998291
         739    59248236
         740    59998276
         741    59248251
         742    59248242
         743    59998335
         744    59248242
         745    59248237
         746    59998307
         747    59248259
         748    59248223
         749    59998295
         750    59248258
         751    59248231
         752    59998296
         753    59248255
         754    59248231
         755    59998335
         756    59248225
         757    59248230
         758    59248231
         759    59998260
         760    59248221
         761    59248225
         762    59998291
         763    59248228
         764    59248211
         765    59998304
         766    59248195
         767    59248239
         768    59998270
         769    59248204
         770    59998305
         771    59248252
         772    59248191
         773    59998325
         774    59248229
         775    59998296
         776    59248201
         777    59248217
         778    59998283
         779    59248230
         780    59248236
         781    59998291
         782    59248199
         783    59248240
         784    59998278
         785    59248220
         786    59248234
         787    59248261
         788    59998269
         789    59248240
         790    59998296
         791    59248247
         792    59248201
         793    59998300
         794    59248231
         795    59998305
         796    59248192
         797    59248234
         798    59998285
         799    59248218
         800    59998276
         801    59248240
         802    59248189
         803    59248236
         804    59998281
         805    59248252
         806    59248209
         807    59998319
         808    59248199
         809    59248221
         810    59998274
         811    59248220
         812    59248229
         813    59248239
         814    59998279
         815    59248260
         816    59248220
         817    59248236
         818    59998294
         819    59248234
         820    59248204
         821    59998302
         822    59248188
         823    59998291
         824    59248232
         825    59248216
         826    59998307
         827    59248235
         828    59248223
         829    59998287
         830    59248233
         831    59248237
         832    59248221
         833    59998281
         834    59248238
         835    59248250
         836    59248204
         837    59998311
         838    59248218
         839    59998291
         840    59248197
         841    59248253
         842    59248222
         843    59248205
         844    59998305
         845    59248242
         846    59248221
         847    59248209
         848    59998315
         849    59248236
         850    59998281
         851    59248211
         852    59248223
         853    59248244
         854    59998267
         855    59248233
         856    59248218
         857    59998300
         858    59248206
         859    59248235
         860    59248223
         861    59998280
         862    59248237
         863    59998308
         864    59248223
         865    59248247
         866    59248211
         867    59998289
         868    59248186
         869    59998307
         870    59248247
         871    59998287
         872    59248208
         873    59248236
         874    59998302
         875    59248205
         876    59248223
         877    59998314
         878    59248206
         879    59248249
         880    59998271
         881    59248221
         882    59998286
         883    59248223
         884    59998278
         885    59248221
         886    59248242
         887    59998289
         888    59248216
         889    59998285
         890    59248247
         891    59998295
         892    59248210
         893    59248242
         894    59998286
         895    59248204
         896    59998300
         897    59248253
         898    59248197
         899    59248260
         900    59998264
         901    59248242
         902    59248197
         903    59998306
         904    59248232
         905    59998305
         906    59248214
         907    59248234
         908    59998291
         909    59248186
         910    59248233
         911    59998300
         912    59248197
         913    59998296
         914    59248223
         915    59248207
         916    59998311
         917    59248233
         918    59998282
         919    59248200
         920    59998302
         921    59248217
         922    59248208
         923    59998315
         924    59248231
         925    59248221
         926    59248211
         927    59998296
         928    59248231
         929    59998313
         930    59248199
         931    59248245
         932    59998291
         933    59248202
         934    59248226
         935    59248252
         936    59248213
         937    59998305
         938    59248236
         939    59248224
         940    59998280
         941    59248242
         942    59998307
         943    59248222
         944    59998283
         945    59248265
         946    59248228
         947    59998304
         948    59248258
         949    59248228
         950    59998300
         951    59248265
         952    59248229
         953    59998307
         954    59248237
         955    59248234
         956    59248234
         957    59998281
         958    59248229
         959    59998302
         960    59248242
         961    59998273
         962    59248245
         963    59248232
         964    59998280
         965    59248242
         966    59248242
         967    59998282
         968    59248189
         969    59998301
         970    59248242
         971    59248214
         972    59248234
         973    59998280
         974    59248221
         975    59248209
         976    59998306
         977    59248251
         978    59248242
         979    59248225
         980    59998285
         981    59248240
         982    59998296
         983    59248219
         984    59248229
         985    59248240
         986    59998271
         987    59248249
         988    59248234
         989    59998307
