         IDXOptimization
           0   -3.165434
           1   -3.165434
           2   -3.024035
           3   -3.024035
           4   -3.024035
           5   -1.503063
           6   -1.503063
           7   -1.436867
           8   -1.436867
           9   -1.436867
          10   -1.436867
          11   -1.436867
          12   -1.436867
          13   -1.436867
          14   -1.436867
          15   -1.436867
          16   -1.375550
          17   -1.375550
          18   -1.081622
          19   -1.081622
          20   -1.081622
          21   -1.081622
          22   -1.081622
          23   -1.081622
          24   -1.081622
          25   -1.081622
          26   -1.081622
          27   -1.081622
          28   -1.081622
          29   -1.081622
          30   -1.081622
          31   -1.081622
          32   -1.081622
          33   -1.081622
          34   -1.081622
          35   -1.081622
          36   -1.081622
          37   -1.081622
          38   -1.081622
          39   -1.081622
          40   -1.081622
          41   -1.081622
          42   -1.081622
          43   -1.081622
          44   -1.081622
          45   -1.081622
          46   -1.081622
          47   -1.081622
          48   -1.081622
          49   -1.081622
          50   -1.081622
          51   -1.081622
          52   -1.081622
          53   -1.081622
          54   -1.081622
          55   -1.081622
          56   -1.081622
          57   -1.081622
          58   -1.081622
          59   -1.081622
          60   -1.081622
          61   -1.081622
          62   -1.081622
          63   -1.081622
          64   -1.081622
          65   -1.081622
          66   -1.081622
          67   -1.081622
          68   -1.081622
          69   -1.081622
          70   -1.081622
          71   -1.081622
          72   -1.081622
          73   -1.081622
          74   -1.081622
          75   -1.081622
          76   -1.081622
          77   -1.081622
          78   -1.081622
          79   -1.081622
          80   -1.081622
          81   -1.081622
          82   -1.081622
          83   -1.081622
          84   -1.081622
          85   -1.081622
          86   -1.081622
          87   -1.081622
          88   -1.081622
          89   -1.081622
          90   -1.081622
          91   -1.081622
          92   -1.081622
          93   -1.081622
          94   -1.081622
          95   -1.081622
          96   -1.081622
          97   -1.081622
          98   -1.081622
          99   -1.081622
         100   -1.081622
         101   -1.081622
         102   -1.081622
         103   -1.081622
         104   -1.081622
         105   -1.081622
         106   -1.081622
         107   -1.081622
         108   -1.081622
         109   -1.081622
         110   -1.081622
         111   -1.081622
         112   -1.081622
         113   -1.081622
         114   -1.081622
         115   -1.081622
         116   -1.081622
         117   -1.081622
         118   -1.081622
         119   -1.081622
         120   -1.081622
         121   -1.081622
         122   -1.081622
         123   -1.081622
         124   -1.081622
         125   -1.081622
         126   -1.081622
         127   -1.081622
         128   -1.081622
         129   -1.081622
         130   -1.081622
         131   -1.081622
         132   -1.081622
         133   -1.081622
         134   -1.081622
         135   -1.081622
         136   -1.081622
         137   -1.081622
         138   -1.081622
         139   -1.081622
         140   -1.081622
         141   -1.081622
         142   -1.081622
         143   -1.081622
         144   -1.081622
         145   -1.081622
         146   -1.081622
         147   -1.081622
         148   -1.072445
         149   -1.072445
         150   -1.072445
         151   -1.072445
         152   -1.072445
         153   -1.072445
         154   -1.072445
         155   -1.072445
         156   -1.072445
         157   -1.072445
         158   -1.072445
         159   -1.072445
         160   -1.072445
         161   -1.072445
         162   -1.072445
         163   -1.072445
         164   -1.072445
         165   -1.072445
         166   -1.072445
         167   -1.072445
         168   -1.072445
         169   -1.072445
         170   -1.072445
         171   -1.072445
         172   -1.072445
         173   -1.072445
         174   -1.072445
         175   -1.072445
         176   -1.072445
         177   -1.072445
         178   -1.072445
         179   -1.072445
         180   -1.072445
         181   -1.072445
         182   -1.072445
         183   -1.072445
         184   -1.072445
         185   -1.072445
         186   -1.072445
         187   -1.072445
         188   -1.072445
         189   -1.072445
         190   -1.072445
         191   -1.072445
         192   -1.072445
         193   -1.072445
         194   -1.072445
         195   -1.072445
         196   -1.072445
         197   -1.072445
         198   -1.072445
         199   -1.072445
         200   -1.072445
         201   -1.072445
         202   -1.072445
         203   -1.072445
         204   -1.072445
         205   -1.072445
         206   -1.072445
         207   -1.072445
         208   -1.072445
         209   -1.072445
         210   -1.072445
         211   -1.072445
         212   -1.072445
         213   -1.072445
         214   -1.072445
         215   -1.072445
         216   -1.072445
         217   -1.072445
         218   -1.072445
         219   -1.072445
         220   -1.072445
         221   -1.072445
         222   -1.072445
         223   -1.072445
         224   -1.072445
         225   -1.072445
         226   -1.072445
         227   -1.072445
         228   -1.072445
         229   -1.072445
         230   -1.072445
         231   -1.072445
         232   -1.072445
         233   -1.072445
         234   -1.072445
         235   -1.072445
         236   -1.072445
         237   -1.072445
         238   -1.072445
         239   -1.072445
         240   -1.072445
         241   -1.072445
         242   -1.011532
         243   -1.011532
         244   -1.011532
         245   -1.011532
         246   -1.011532
         247   -1.011532
         248   -1.011532
         249   -1.011532
         250   -1.011532
         251   -1.011532
         252   -1.011532
         253   -1.011532
         254   -1.011532
         255   -1.011532
         256   -1.011532
         257   -1.011532
         258   -1.011532
         259   -1.011532
         260   -1.011532
         261   -1.011532
         262   -1.011532
         263   -1.011532
         264   -1.011532
         265   -1.011532
         266   -1.011532
         267   -1.011532
         268   -1.011532
         269   -1.011532
         270   -1.011532
         271   -1.011532
         272   -1.011532
         273   -1.011532
         274   -1.011532
         275   -1.011532
         276   -1.011532
         277   -1.011532
         278   -1.011532
         279   -1.011532
         280   -1.011532
         281   -1.011532
         282   -1.011532
         283   -1.011532
         284   -1.011532
         285   -1.011532
         286   -1.011532
         287   -1.011532
         288   -1.011532
         289   -1.011532
         290   -1.011532
         291   -1.011532
         292   -1.011532
         293   -1.011532
         294   -1.011532
         295   -1.011532
         296   -1.011532
         297   -1.011532
         298   -1.011532
         299   -1.011532
         300   -1.011532
         301   -1.011532
         302   -1.011532
         303   -1.011532
         304   -1.011532
         305   -1.011532
         306   -1.011532
         307   -1.011532
         308   -1.011532
         309   -1.011532
         310   -1.011532
         311   -1.011532
         312   -1.011532
         313   -1.011532
         314   -1.011532
         315   -1.011532
         316   -1.011532
         317   -1.011532
         318   -1.011532
         319   -1.011532
         320   -1.011532
         321   -1.011532
         322   -1.011532
         323   -1.011532
         324   -1.011532
         325   -1.011532
         326   -1.011532
         327   -1.011532
         328   -1.011532
         329   -1.011532
         330   -1.011532
         331   -1.011532
         332   -1.011532
         333   -1.011532
         334   -1.011532
         335   -1.011532
         336   -1.011532
         337   -1.011532
         338   -1.011532
         339   -1.011532
         340   -1.011532
         341   -1.011532
         342   -1.011532
         343   -1.011532
         344   -1.011532
         345   -1.011532
         346   -1.011532
         347   -1.011532
         348   -1.011532
         349   -1.011532
         350   -1.011532
         351   -1.011532
         352   -1.011532
         353   -1.011532
         354   -1.011532
         355   -1.011532
         356   -1.011532
         357   -1.011532
         358   -1.011532
         359   -1.011532
         360   -1.011532
         361   -1.011532
         362   -1.011532
         363   -1.011532
         364   -1.011532
         365   -1.011532
         366   -1.011532
         367   -1.011532
         368   -1.011532
         369   -1.011532
         370   -1.011532
         371   -1.011532
         372   -1.011532
         373   -1.011532
         374   -1.011532
         375   -1.011532
         376   -1.011532
         377   -1.011532
         378   -1.011532
         379   -1.011532
         380   -1.011532
         381   -1.011532
         382   -1.011532
         383   -1.011532
         384   -1.011532
         385   -1.011532
         386   -1.011532
         387   -1.011532
         388   -1.011532
         389   -1.011532
         390   -1.011532
         391   -1.011532
         392   -1.011532
         393   -1.011532
         394   -1.011532
         395   -1.011532
         396   -1.011532
         397   -1.011532
         398   -1.011532
         399   -1.011532
         400   -1.011532
         401   -1.011532
         402   -1.011532
         403   -1.011532
         404   -1.011532
         405   -1.011532
         406   -1.011532
         407   -1.011532
         408   -1.011532
         409   -1.011532
         410   -1.011532
         411   -1.011532
         412   -1.011532
         413   -1.011532
         414   -1.011532
         415   -1.011532
         416   -1.011532
         417   -1.011532
         418   -1.011532
         419   -1.011532
         420   -1.011532
         421   -1.011532
         422   -1.011532
         423   -1.011532
         424   -1.011532
         425   -1.011532
         426   -1.011532
         427   -1.011532
         428   -1.011532
         429   -1.011532
         430   -1.011532
         431   -1.011532
         432   -1.011532
         433   -1.011532
         434   -1.011532
         435   -1.011532
         436   -1.011532
         437   -1.011532
         438   -1.011532
         439   -1.011532
         440   -1.011532
         441   -1.011532
         442   -1.011532
         443   -1.011532
         444   -1.011532
         445   -1.011532
         446   -1.011532
         447   -1.011532
         448   -1.011532
         449   -1.011532
         450   -1.011532
         451   -1.011532
         452   -1.011532
         453   -1.011532
         454   -1.011532
         455   -1.011532
         456   -1.011532
         457   -1.011532
         458   -1.011532
         459   -1.011532
         460   -1.011532
         461   -1.011532
         462   -1.011532
         463   -1.011532
         464   -1.011532
         465   -1.011532
         466   -1.011532
         467   -1.011532
         468   -1.011532
         469   -1.011532
         470   -1.011532
         471   -1.011532
         472   -1.011532
         473   -1.011532
         474   -1.011532
         475   -1.011532
         476   -1.011532
         477   -1.011532
         478   -1.011532
         479   -1.011532
         480   -1.011532
         481   -1.011532
         482   -1.011532
         483   -1.011532
         484   -1.011532
         485   -1.011532
         486   -1.011532
         487   -1.011532
         488   -1.011532
         489   -1.011532
         490   -1.011532
         491   -1.011532
         492   -1.011532
         493   -1.011532
         494   -1.011532
         495   -1.011532
         496   -1.011532
         497   -1.011532
         498   -1.011532
         499   -1.011532
         500   -1.011532
         501   -1.011532
         502   -1.011532
         503   -1.011532
         504   -1.011532
         505   -1.011532
         506   -1.011532
         507   -1.011532
         508   -1.011532
         509   -1.011532
         510   -1.011532
         511   -1.011532
         512   -1.011532
         513   -1.011532
         514   -1.011532
         515   -1.011532
         516   -1.011532
         517   -1.011532
         518   -1.011532
         519   -1.011532
         520   -1.011532
         521   -1.011532
         522   -1.011532
         523   -1.011532
         524   -1.011532
         525   -1.011532
         526   -1.011532
         527   -1.011532
         528   -1.011532
         529   -1.011532
         530   -1.011532
         531   -1.011532
         532   -1.011532
         533   -1.011532
         534   -1.011532
         535   -1.011532
         536   -1.011532
         537   -1.011532
         538   -1.011532
         539   -1.011532
         540   -1.011532
         541   -1.011532
         542   -1.011532
         543   -1.011532
         544   -1.011532
         545   -1.011532
         546   -1.011532
         547   -1.011532
         548   -1.011532
         549   -1.011532
         550   -1.011532
         551   -1.011532
         552   -1.011532
         553   -1.011532
         554   -1.011532
         555   -1.011532
         556   -1.011532
         557   -1.011532
         558   -1.011532
         559   -1.011532
         560   -1.011532
         561   -1.011532
         562   -1.011532
         563   -1.011532
         564   -1.011532
         565   -1.011532
         566   -1.011532
         567   -1.011532
         568   -1.011532
         569   -1.011532
         570   -1.011532
         571   -1.011532
         572   -1.011532
         573   -1.011532
         574   -1.011532
         575   -1.011532
         576   -1.011532
         577   -1.011532
         578   -1.011532
         579   -1.011532
         580   -1.011532
         581   -1.011532
         582   -1.011532
         583   -1.011532
         584   -1.011532
         585   -1.011532
         586   -1.011532
         587   -1.011532
         588   -1.011532
         589   -1.011532
         590   -1.011532
         591   -1.011532
         592   -1.011532
         593   -1.011532
         594   -1.011532
         595   -1.011532
         596   -1.011532
         597   -1.011532
         598   -1.011532
         599   -1.011532
         600   -1.011532
         601   -1.011532
         602   -1.011532
         603   -1.011532
         604   -1.011532
         605   -1.011532
         606   -1.011532
         607   -1.011532
         608   -1.011532
         609   -1.011532
         610   -1.011532
         611   -1.007253
         612   -1.007253
         613   -1.007253
         614   -1.007253
         615   -1.007253
         616   -1.007253
         617   -1.007253
         618   -1.007253
         619   -1.007253
         620   -1.007253
         621   -1.007253
         622   -1.007253
         623   -1.007253
         624   -1.007253
         625   -1.007253
         626   -1.007253
         627   -1.007253
         628   -1.007253
         629   -1.007253
         630   -1.007253
         631   -1.007253
         632   -1.007253
         633   -1.007253
         634   -1.007253
         635   -1.007253
         636   -1.007253
         637   -1.007253
         638   -1.007253
         639   -1.007253
         640   -1.007253
         641   -1.007253
         642   -1.007253
         643   -1.007253
         644   -1.007253
         645   -1.007253
         646   -1.007253
         647   -1.007253
         648   -1.007253
         649   -1.007253
         650   -1.007253
         651   -1.007253
         652   -1.007253
         653   -1.007253
         654   -1.007253
         655   -1.007253
         656   -1.007253
         657   -1.007253
         658   -1.007253
         659   -1.007253
         660   -1.007253
         661   -1.007253
         662   -1.007253
         663   -1.007253
         664   -1.007253
         665   -1.007253
         666   -1.007253
         667   -1.007253
         668   -1.007253
         669   -1.007253
         670   -1.007253
         671   -1.007253
         672   -1.007253
         673   -1.007253
         674   -1.007253
         675   -1.007253
         676   -1.007253
         677   -1.007253
         678   -1.007253
         679   -1.007253
         680   -1.007253
         681   -1.007253
         682   -1.007253
         683   -1.007253
         684   -1.007253
         685   -1.007253
         686   -1.007253
         687   -1.007253
         688   -1.007253
         689   -1.007253
         690   -1.007253
         691   -1.007253
         692   -1.007253
         693   -1.007253
         694   -1.007253
         695   -1.007253
         696   -1.007253
         697   -1.007253
         698   -1.007253
         699   -1.007253
         700   -1.007253
         701   -1.007253
         702   -1.007253
         703   -1.007253
         704   -1.007253
         705   -1.007253
         706   -1.007253
         707   -1.007253
         708   -1.007253
         709   -1.007253
         710   -1.007253
         711   -1.007253
         712   -1.007253
         713   -1.007253
         714   -1.007253
         715   -1.007253
         716   -1.007253
         717   -1.007253
         718   -1.007253
         719   -1.007253
         720   -1.007253
         721   -1.007253
         722   -1.007253
         723   -1.007253
         724   -1.007253
         725   -1.007253
         726   -1.007253
         727   -1.007253
         728   -1.007253
         729   -1.007253
         730   -1.007253
         731   -1.007253
         732   -1.007253
         733   -1.007253
         734   -1.007253
         735   -1.007253
         736   -1.007253
         737   -1.007253
         738   -1.007253
         739   -1.007253
         740   -1.007253
         741   -1.007253
         742   -1.007253
         743   -1.007253
         744   -1.007253
         745   -1.007253
         746   -1.007253
         747   -1.007253
         748   -1.007253
         749   -1.007253
         750   -1.007253
         751   -1.007253
         752   -1.007253
         753   -1.007253
         754   -1.007253
         755   -1.007253
         756   -1.007253
         757   -1.007253
         758   -1.007253
         759   -1.007253
         760   -1.007253
         761   -1.007253
         762   -1.007253
         763   -1.007253
         764   -1.007253
         765   -1.007253
         766   -1.007253
         767   -1.007253
         768   -1.007253
         769   -1.007253
         770   -1.007253
         771   -1.007253
         772   -1.007253
         773   -1.007253
         774   -1.007253
         775   -1.007253
         776   -1.007253
         777   -1.007253
         778   -1.007253
         779   -1.007253
         780   -1.007253
         781   -1.007253
         782   -1.007253
         783   -1.007253
         784   -1.007253
         785   -1.007253
         786   -1.007253
         787   -1.007253
         788   -1.007253
         789   -1.007253
         790   -1.007253
         791   -1.007253
         792   -1.007253
         793   -1.007253
         794   -1.007253
         795   -1.007253
         796   -1.007253
         797   -1.007253
         798   -1.007253
         799   -1.007253
         800   -1.007253
         801   -1.007253
         802   -1.007253
         803   -1.007253
         804   -1.007253
         805   -1.007253
         806   -1.007253
         807   -1.007253
         808   -1.007253
         809   -1.007253
         810   -1.007253
         811   -1.007253
         812   -1.007253
         813   -1.007253
         814   -1.007253
         815   -1.007253
         816   -1.007253
         817   -1.007253
         818   -1.007253
         819   -1.007253
         820   -1.007253
         821   -1.007253
         822   -1.007253
         823   -1.007253
         824   -1.007253
         825   -1.007253
         826   -1.007253
         827   -1.007253
         828   -1.007253
         829   -1.007253
         830   -1.007253
         831   -1.007253
         832   -1.007253
         833   -1.007253
         834   -1.007253
         835   -1.007253
         836   -1.007253
         837   -1.007253
         838   -1.007253
         839   -1.007253
         840   -1.007253
         841   -1.007253
         842   -1.007253
         843   -1.007253
         844   -1.007253
         845   -1.007253
         846   -1.007253
         847   -1.007253
         848   -1.007253
         849   -1.007253
