         IDX      L1D-WB
           0        3871
           1        3804
           2        3804
           3        3806
           4        3801
           5        3804
           6        3929
           7        3802
           8        3929
           9        3932
          10        3805
          11        3682
          12        3842
          13        3930
          14        3719
          15        3806
          16        3807
          17        3699
          18        3803
          19        3805
          20        3799
          21        3929
          22        3676
          23        3677
          24        3802
          25        3803
          26        3900
          27        3801
          28        3837
          29        3801
          30        3796
          31        3836
          32        3677
          33        3693
          34        3721
          35        3805
          36        3805
          37        3809
          38        3807
          39        3680
          40        3806
          41        3930
          42        3803
          43        3807
          44        3807
          45        3679
          46        3929
          47        3803
          48        3927
          49        3801
          50        3810
          51        3928
          52        3857
          53        3926
          54        3554
          55        3928
          56        3806
          57        3803
          58        3680
          59        3804
          60        3875
          61        3675
          62        3808
          63        3930
          64        3801
          65        3680
          66        3929
          67        3805
          68        3677
          69        3893
          70        3805
          71        3797
          72        3671
          73        3891
          74        3679
          75        3805
          76        3794
          77        3866
          78        3808
          79        3809
          80        3801
          81        3726
          82        3928
          83        3927
          84        3806
          85        3683
          86        3834
          87        3806
          88        3805
          89        3719
          90        3796
          91        3804
          92        3804
          93        3730
          94        3798
          95        3748
          96        3734
          97        3680
          98        3723
          99        3668
         100        3808
         101        3672
         102        3837
         103        3801
         104        3810
         105        3803
         106        3683
         107        3929
         108        3801
         109        3806
         110        3920
         111        3929
         112        3805
         113        3926
         114        3724
         115        3804
         116        3795
         117        3798
         118        3755
         119        3931
         120        3801
         121        3799
         122        3726
         123        3798
         124        3924
         125        3808
         126        3804
         127        3694
         128        3766
         129        3805
         130        3928
         131        3802
         132        3739
         133        3920
         134        3682
         135        3692
         136        3807
         137        3808
         138        3706
         139        3802
         140        3927
         141        3803
         142        3681
         143        3931
         144        3803
         145        3929
         146        3805
         147        3804
         148        3816
         149        3805
         150        3803
         151        3881
         152        3931
         153        3789
         154        3797
         155        3744
         156        3806
         157        3808
         158        3683
         159        3927
         160        3806
         161        3879
         162        3928
         163        3561
         164        3802
         165        3804
         166        3836
         167        3812
         168        3928
         169        3804
         170        3929
         171        3657
         172        3805
         173        3678
         174        3806
         175        3927
         176        3680
         177        3805
         178        3928
         179        3927
         180        3930
         181        3794
         182        3806
         183        3800
         184        3801
         185        3803
         186        3925
         187        3800
         188        3808
         189        3803
         190        3802
         191        3893
         192        3805
         193        3678
         194        3681
         195        3811
         196        3800
         197        3685
         198        3804
         199        3800
         200        3927
         201        3799
         202        3752
         203        3928
         204        3928
         205        3799
         206        3800
         207        3676
         208        3808
         209        3808
         210        3927
         211        3799
         212        3916
         213        3927
         214        3807
         215        3797
         216        3806
         217        3933
         218        3827
         219        3682
         220        3802
         221        3804
         222        3923
         223        3805
         224        3805
         225        3934
         226        3797
         227        3803
         228        3686
         229        3805
         230        3803
         231        3799
         232        3805
         233        3925
         234        3741
         235        3930
         236        3633
         237        3895
         238        3674
         239        3800
         240        3803
         241        3929
         242        3804
         243        3806
         244        3678
         245        3901
         246        3804
         247        3802
         248        3801
         249        3807
         250        3680
         251        3662
         252        3796
         253        3710
         254        3800
         255        3687
         256        3804
         257        3803
         258        3802
         259        3802
         260        3803
         261        3802
         262        3678
         263        3710
         264        3928
         265        3916
         266        3800
         267        3802
         268        3803
         269        3804
         270        3685
         271        3918
         272        3838
         273        3925
         274        3683
         275        3806
         276        3674
         277        3808
         278        3678
         279        3928
         280        3797
         281        3683
         282        3807
         283        3808
         284        3683
         285        3929
         286        3800
         287        3684
         288        3927
         289        3688
         290        3799
         291        3925
         292        3774
         293        3801
         294        3803
         295        3928
         296        3808
         297        3804
         298        3801
         299        3804
         300        3683
         301        3808
         302        3816
         303        3923
         304        3723
         305        3890
         306        3929
         307        3678
         308        3682
         309        3808
         310        3680
         311        3925
         312        3792
         313        3756
         314        3803
         315        3872
         316        3804
         317        3807
         318        3801
         319        3681
         320        3928
         321        3802
         322        3807
         323        3802
         324        3805
         325        3799
         326        3685
         327        3686
         328        3803
         329        3803
         330        3809
         331        3679
         332        3833
         333        3779
         334        3804
         335        3799
         336        3805
         337        3798
         338        3926
         339        3685
         340        3807
         341        3801
         342        3808
         343        3672
         344        3800
         345        3825
         346        3836
         347        3931
         348        3878
         349        3804
         350        3679
         351        3687
         352        3679
         353        3810
         354        3927
         355        3806
         356        3838
         357        3929
         358        3672
         359        3681
         360        3878
         361        3784
         362        3822
         363        3931
         364        3781
         365        3929
         366        3718
         367        3801
         368        3801
         369        3930
         370        3681
         371        3807
         372        3878
         373        3802
         374        3668
         375        3772
         376        3931
         377        3801
         378        3801
         379        3929
         380        3801
         381        3927
         382        3803
         383        3930
         384        3809
         385        3800
         386        3805
         387        3807
         388        3857
         389        3927
         390        3801
         391        3930
         392        3802
         393        3929
         394        3928
         395        3806
         396        3679
         397        3798
         398        3799
         399        3801
         400        3802
         401        3926
         402        3832
         403        3926
         404        3688
         405        3802
         406        3683
         407        3926
         408        3680
         409        3926
         410        3699
         411        3668
         412        3805
         413        3927
         414        3804
         415        3932
         416        3799
         417        3806
         418        3804
         419        3805
         420        3804
         421        3807
         422        3930
         423        3926
         424        3805
         425        3804
         426        3803
         427        3684
         428        3802
         429        3855
         430        3737
         431        3801
         432        3799
         433        3835
         434        3796
         435        3801
         436        3798
         437        3681
         438        3807
         439        3743
         440        3802
         441        3810
         442        3801
         443        3805
         444        3802
         445        3799
         446        3824
         447        3927
         448        3803
         449        3806
         450        3805
         451        3672
         452        3804
         453        3807
         454        3799
         455        3688
         456        3810
         457        3799
         458        3711
         459        3811
         460        3804
         461        3730
         462        3692
         463        3677
         464        3895
         465        3804
         466        3890
         467        3926
         468        3801
         469        3803
         470        3927
         471        3798
         472        3807
         473        3795
         474        3805
         475        3929
         476        3723
         477        3682
         478        3929
         479        3800
         480        3798
         481        3894
         482        3805
         483        3803
         484        3871
         485        3749
         486        3805
         487        3798
         488        3928
         489        3681
         490        3926
         491        3802
         492        3932
         493        3803
         494        3801
         495        3932
         496        3680
         497        3680
         498        3804
         499        3804
         500        3682
         501        3936
         502        3928
         503        3803
         504        3807
         505        3808
         506        3928
         507        3799
         508        3687
         509        3806
         510        3807
         511        3680
         512        3929
         513        3805
         514        3679
         515        3927
         516        3684
         517        3767
         518        3930
         519        3800
         520        3803
         521        3801
         522        3745
         523        3819
         524        3680
         525        3797
         526        3710
         527        3904
         528        3804
         529        3801
         530        3925
         531        3803
         532        3805
         533        3803
         534        3806
         535        3805
         536        3804
         537        3799
         538        3843
         539        3806
         540        3865
         541        3721
         542        3887
         543        3561
         544        3685
         545        3756
         546        3929
         547        3801
         548        3800
         549        3784
         550        3927
         551        3929
         552        3929
         553        3760
         554        3799
         555        3805
         556        3826
         557        3800
         558        3933
         559        3806
         560        3681
         561        3849
         562        3803
         563        3803
         564        3803
         565        3682
         566        3727
         567        3800
         568        3669
         569        3810
         570        3803
         571        3798
         572        3929
         573        3813
         574        3928
         575        3805
         576        3930
         577        3804
         578        3928
         579        3721
         580        3804
         581        3670
         582        3754
         583        3799
         584        3932
         585        3804
         586        3926
         587        3806
         588        3804
         589        3806
         590        3807
         591        3801
         592        3671
         593        3801
         594        3808
         595        3837
         596        3806
         597        3810
         598        3804
         599        3928
         600        3852
         601        3812
         602        3801
         603        3931
         604        3902
         605        3806
         606        3805
         607        3676
         608        3671
         609        3810
         610        3753
         611        3930
         612        3806
         613        3803
         614        3676
         615        3802
         616        3800
         617        3686
         618        3671
         619        3804
         620        3808
         621        3804
         622        3712
         623        3801
         624        3806
         625        3801
         626        3805
         627        3926
         628        3800
         629        3803
         630        3672
         631        3799
         632        3932
         633        3801
         634        3800
         635        3801
         636        3803
         637        3804
         638        3803
         639        3804
         640        3735
         641        3803
         642        3811
         643        3804
         644        3805
         645        3804
         646        3676
         647        3924
         648        3766
         649        3713
         650        3802
         651        3757
         652        3802
         653        3800
         654        3755
         655        3869
         656        3689
         657        3927
         658        3808
         659        3776
         660        3676
         661        3841
         662        3888
         663        3803
         664        3844
         665        3802
         666        3803
         667        3799
         668        3927
         669        3782
         670        3928
         671        3801
         672        3683
         673        3680
         674        3928
         675        3677
         676        3876
         677        3924
         678        3803
         679        3680
         680        3806
         681        3804
         682        3806
         683        3849
         684        3805
         685        3700
         686        3795
         687        3928
         688        3804
         689        3807
         690        3807
         691        3804
         692        3801
         693        3725
         694        3803
         695        3802
         696        3927
         697        3926
         698        3806
         699        3803
         700        3931
         701        3798
         702        3930
         703        3675
         704        3683
         705        3804
         706        3676
         707        3668
         708        3876
         709        3774
         710        3791
         711        3798
         712        3802
         713        3803
         714        3927
         715        3804
         716        3683
         717        3711
         718        3928
         719        3678
         720        3927
         721        3799
         722        3873
         723        3798
         724        3932
         725        3806
         726        3804
         727        3806
         728        3926
         729        3803
         730        3802
         731        3810
         732        3929
         733        3683
         734        3800
         735        3676
         736        3930
         737        3802
         738        3806
         739        3800
         740        3909
         741        3806
         742        3852
         743        3807
         744        3806
         745        3671
         746        3682
         747        3800
         748        3684
         749        3801
         750        3802
         751        3798
         752        3795
         753        3935
         754        3800
         755        3805
         756        3851
         757        3681
         758        3818
         759        3744
         760        3744
         761        3798
         762        3802
         763        3805
         764        3755
         765        3803
         766        3679
         767        3808
         768        3804
         769        3804
         770        3803
         771        3809
         772        3808
         773        3802
         774        3808
         775        3681
         776        3926
         777        3929
         778        3802
         779        3807
         780        3676
         781        3773
         782        3806
         783        3796
         784        3804
         785        3926
         786        3799
         787        3682
         788        3731
         789        3856
         790        3681
         791        3931
         792        3676
         793        3806
         794        3802
         795        3923
         796        3933
         797        3806
         798        3931
         799        3927
         800        3930
         801        3681
         802        3801
         803        3845
         804        3804
         805        3677
         806        3927
         807        3804
         808        3748
         809        3798
         810        3797
         811        3856
         812        3687
         813        3811
         814        3802
         815        3934
         816        3705
         817        3805
         818        3801
         819        3803
         820        3802
         821        3801
         822        3806
         823        3805
         824        3681
         825        3800
         826        3806
         827        3803
         828        3686
         829        3804
         830        3930
         831        3605
         832        3926
         833        3674
         834        3804
         835        3801
         836        3806
         837        3807
         838        3810
         839        3805
         840        3672
         841        3672
         842        3801
         843        3799
         844        3932
         845        3684
         846        3926
         847        3680
         848        3796
         849        3679
         850        3916
         851        3806
         852        3807
         853        3671
         854        3804
         855        3929
         856        3682
         857        3803
         858        3678
         859        3686
         860        3924
         861        3809
         862        3796
         863        3803
         864        3803
         865        3928
         866        3805
         867        3803
         868        3804
         869        3927
         870        3797
         871        3806
         872        3811
         873        3802
         874        3804
         875        3802
         876        3763
         877        3730
         878        3927
         879        3925
         880        3808
         881        3806
         882        3803
         883        3928
         884        3801
         885        3806
         886        3685
         887        3799
         888        3807
         889        3683
         890        3802
         891        3931
         892        3776
         893        3806
         894        3805
         895        3806
         896        3929
         897        3799
         898        3671
         899        3929
         900        3804
         901        3806
         902        3732
         903        3928
         904        3809
         905        3681
         906        3926
         907        3858
         908        3680
         909        3685
         910        3801
         911        3854
         912        3672
         913        3922
         914        3682
         915        3681
         916        3800
         917        3669
         918        3681
         919        3812
         920        3928
         921        3804
         922        3799
         923        3809
         924        3925
         925        3808
         926        3930
         927        3602
         928        3801
         929        3672
         930        3930
         931        3673
         932        3867
         933        3682
         934        3927
         935        3709
         936        3808
         937        3926
         938        3800
         939        3803
         940        3927
         941        3803
         942        3923
         943        3927
         944        3806
         945        3686
         946        3801
         947        3802
         948        3673
         949        3929
         950        3694
         951        3804
         952        3931
         953        3803
         954        3676
         955        3682
         956        3717
         957        3805
         958        3927
         959        3676
         960        3799
         961        3805
         962        3862
         963        3675
         964        3898
         965        3669
         966        3803
         967        3805
         968        3927
         969        3804
         970        3790
         971        3800
         972        3798
         973        3809
         974        3682
         975        3882
         976        3680
         977        3705
         978        3802
         979        3929
         980        3804
         981        3799
         982        3804
         983        3752
         984        3675
         985        3820
         986        3800
         987        3807
         988        3799
         989        3841
