         IDX         DEG      PARAM0      PARAM1      PARAM2
           0   10.000000           0           0           0
           1   10.000000           0           0           0
           2   10.000000           0           0           0
           3    4.032579          30           6           8
           4    3.739014          30           6           8
           5    3.526644          30           6           8
           6    3.526644          30           6           8
           7    3.584504          30           6           8
           8    3.590559          30           6           8
           9    3.513849          30           6           8
          10    3.552276          30           6           8
          11    3.592125          30           6           8
          12    3.389220          30           6           8
          13    3.425940          30           6           8
          14    3.387757          30           6           8
          15    3.245432          30           6           8
          16    3.229231          30           6           8
          17    3.259225          30           6           8
          18    3.262842          30           6           8
          19    3.262842          30           6           8
          20    3.247451          30           6           8
          21    3.180803          30           6           8
          22    3.117477          30           6           8
          23    3.149845          30           6           8
          24    3.149845          30           6           8
          25    3.149845          30           6           8
          26    3.149845          30           6           8
          27    3.145322          30           6           8
          28    3.148307          30           6           8
          29    3.098998          30           6           8
          30    3.101977          30           6           8
          31    3.104950          30           6           8
          32    3.061330          30           6           8
          33    3.060053          30           6           8
          34    3.026573          30           6           8
          35    3.049513          30           6           8
          36    3.066844          30           6           8
          37    3.069591          30           6           8
          38    3.070265          30           6           8
          39    3.070309          30           6           8
          40    3.040769          30           6           8
          41    3.040769          30           6           8
          42    3.040769          30           6           8
          43    3.012754          30           6           8
          44    3.012754          30           6           8
          45    3.015290          30           6           8
          46    3.015290          30           6           8
          47    3.017782          30           6           8
          48    3.019391          30           6           8
          49    3.019391          30           6           8
          50    3.019391          30           6           8
          51    3.023266          30           6           8
          52    3.024106          30           6           8
          53    3.035486          30           6           8
          54    3.047473          30           6           8
          55    3.047589          30           6           8
          56    3.049384          30           6           8
          57    3.049384          30           6           8
          58    3.050559          30           6           8
          59    3.050998          30           6           8
          60    3.050998          30           6           8
          61    3.053114          30           6           8
          62    3.053114          30           6           8
          63    3.053923          30           6           8
          64    3.055985          30           6           8
          65    3.056727          30           6           8
          66    3.057767          30           6           8
          67    3.057767          30           6           8
          68    3.066159          30           6           8
          69    3.066159          30           6           8
          70    3.066827          30           6           8
          71    3.066827          30           6           8
          72    3.049184          30           6           8
          73    3.058041          30           6           8
          74    3.063951          30           6           8
          75    3.066412          30           6           8
          76    3.066729          30           6           8
          77    3.068505          30           6           8
          78    3.042217          30           6           8
          79    3.043065          30           6           8
          80    3.043772          30           6           8
          81    3.043772          30           6           8
          82    3.044698          30           6           8
          83    3.046446          30           6           8
          84    3.045456          30           6           8
          85    3.031323          30           6           8
          86    3.032220          30           6           8
          87    3.019846          30           6           8
          88    3.020607          30           6           8
          89    3.008495          30           6           8
