         IDX         DEG      PARAM0      PARAM1      PARAM2
           0   10.000000           4           0           1
           1    6.950277           4           0          17
           2    6.313373          16           6           7
           3    6.095577          16           6           7
           4    5.957891          11          14          11
           5    5.908369           6           2           9
           6    5.916662           6           2           9
           7    5.938901           3           6           5
           8    5.979560           3           6           5
           9    6.013174           3           6           5
          10    6.058933           3           6           5
          11    6.103953           3           6           5
          12    6.144637           3           6           5
          13    6.198637          12          14           2
          14    6.243039          12          14           2
          15    6.290368          12          14           2
          16    6.334205          12          14           2
          17    6.378487          12          14           2
          18    6.421384          12          14           2
          19    6.462011          12          14           2
          20    6.507346          12          14           2
          21    6.551582          12          14           2
          22    6.596157          12          14           2
          23    6.636737          12          14           2
          24    6.677266          12          14           2
          25    6.715503          12          14           2
          26    6.756723          12          14           2
          27    6.792899          12          14           2
          28    6.829072          12          14           2
          29    6.867756          12          14           2
          30    6.903689          12          14           2
          31    6.938779          12          14           2
          32    6.973974          12          14           2
          33    7.008464          12          14           2
          34    7.043552          12          14           2
          35    7.075136          12          14           2
          36    7.106034          12          14           2
          37    7.138912          12          14           2
          38    7.168255          12          14           2
          39    7.197694          12          14           2
          40    7.227255          12          14           2
          41    7.257413          12          14           2
          42    7.283763          12          14           2
          43    7.311529          12          14           2
          44    7.326297          19           7          15
          45    7.353289          19           7          15
          46    7.379007          19           7          15
          47    7.404590          19           7          15
          48    7.430394          19           7          15
          49    7.454800          19           7          15
          50    7.479817          19           7          15
          51    7.502755          19           7          15
          52    7.525823          19           7          15
          53    7.546659          19           7          15
          54    7.569224          19           7          15
          55    7.589350          19           7          15
          56    7.610882          19           7          15
          57    7.630920          19           7          15
          58    7.651360          19           7          15
          59    7.671003          19           7          15
          60    7.689720          19           7          15
          61    7.709413          19           7          15
          62    7.730024          19           7          15
          63    7.748520          19           7          15
          64    7.767891          19           7          15
          65    7.786228          19           7          15
          66    7.804867          19           7          15
          67    7.822777          19           7          15
          68    7.839543          19           7          15
          69    7.856985          19           7          15
          70    7.874040          19           7          15
          71    7.889804          19           7          15
          72    7.906199          19           7          15
          73    7.923462          19           7          15
          74    7.938979          19           7          15
          75    7.955225          19           7          15
          76    7.970446          19           7          15
          77    7.985422          19           7          15
          78    8.000936          19           7          15
          79    8.015059          19           7          15
          80    8.030099          19           7          15
          81    8.043438          19           7          15
          82    8.058351          19           7          15
          83    8.072547          19           7          15
          84    8.086954          19           7          15
          85    8.100307          19           7          15
          86    8.114395          19           7          15
          87    8.127384          19           7          15
          88    8.115542           7           3           8
          89    8.127597           7           3           8
          90    8.140150           7           3           8
          91    8.153423           7           3           8
          92    8.165397           7           3           8
          93    8.176649           7           3           8
          94    8.188430           7           3           8
          95    8.199057           7           3           8
          96    8.209641           7           3           8
          97    8.220542           7           3           8
          98    8.231670           7           3           8
          99    8.242028           7           3           8
         100    8.245710          15           9          17
         101    8.253947          16          16           9
         102    8.265340          16          16           9
         103    8.275448          16          16           9
         104    8.285358          16          16           9
         105    8.264540           3          13          14
         106    8.274318           3          13          14
         107    8.284496           3          13          14
         108    8.295034           3          13          14
         109    8.304089           3          13          14
         110    8.314029           3          13          14
         111    8.322962           3          13          14
         112    8.332136           3          13          14
         113    8.341716           3          13          14
         114    8.350106           3          13          14
         115    8.358652           3          13          14
         116    8.367674           3          13          14
         117    8.377014           3          13          14
         118    8.385957           3          13          14
         119    8.393787           3          13          14
         120    8.402277           3          13          14
         121    8.411070           3          13          14
         122    8.419139           3          13          14
         123    8.427505           3          13          14
         124    8.435252           3          13          14
         125    8.443797           3          13          14
         126    8.451251           3          13          14
         127    8.459277           3          13          14
         128    8.466436           3          13          14
         129    8.473907           3          13          14
         130    8.481793           3          13          14
         131    8.488790           3          13          14
         132    8.495762           3          13          14
         133    8.503171           3          13          14
         134    8.510830           3          13          14
         135    8.517900           3          13          14
         136    8.524962           3          13          14
         137    8.531612           3          13          14
         138    8.539240           3          13          14
         139    8.546111           3          13          14
         140    8.553308           3          13          14
         141    8.559585           3          13          14
         142    8.565636           3          13          14
         143    8.572503           3          13          14
         144    8.578658           3          13          14
         145    8.585104           3          13          14
         146    8.591347           3          13          14
         147    8.597317           3          13          14
         148    8.604074           3          13          14
         149    8.610517           3          13          14
         150    8.616291           3          13          14
         151    8.622568           3          13          14
         152    8.628732           3          13          14
         153    8.634223           3          13          14
         154    8.640349           3          13          14
         155    8.645970           3          13          14
         156    8.651409           3          13          14
         157    8.657503           3          13          14
         158    8.663259           3          13          14
         159    8.668831           3          13          14
         160    8.673898           3          13          14
         161    8.679680           3          13          14
         162    8.685273           3          13          14
         163    8.690469           3          13          14
         164    8.695958           3          13          14
         165    8.701587           3          13          14
         166    8.706676           3          13          14
         167    8.711724           3          13          14
         168    8.716859           3          13          14
         169    8.721503           3          13          14
         170    8.726148           3          13          14
         171    8.730681           3          13          14
         172    8.736340           3          13          14
         173    8.741147           3          13          14
         174    8.745702           3          13          14
         175    8.750327           3          13          14
         176    8.755131           3          13          14
         177    8.760294           3          13          14
         178    8.764887           3          13          14
         179    8.769977           3          13          14
         180    8.775241           3          13          14
         181    8.780145           3          13          14
         182    8.784981           3          13          14
         183    8.789609           3          13          14
         184    8.794538           3          13          14
         185    8.799114           3          13          14
         186    8.803580           3          13          14
         187    8.807683           3          13          14
         188    8.812115           3          13          14
         189    8.816831           3          13          14
         190    8.820965           3          13          14
         191    8.824958           3          13          14
         192    8.829047           3          13          14
         193    8.833663           3          13          14
         194    8.837682           3          13          14
         195    8.841961           3          13          14
         196    8.846024           3          13          14
         197    8.850123           3          13          14
         198    8.853770           3          13          14
         199    8.858005           3          13          14
         200    8.861867           3          13          14
         201    8.865694           3          13          14
         202    8.869304           3          13          14
         203    8.872872           3          13          14
         204    8.876403           3          13          14
         205    8.880206           3          13          14
         206    8.884132           3          13          14
         207    8.887593           3          13          14
         208    8.891416           3          13          14
         209    8.895287           3          13          14
         210    8.899128           3          13          14
         211    8.902488           3          13          14
         212    8.906199           3          13          14
         213    8.909438           3          13          14
         214    8.913096           3          13          14
         215    8.916403           3          13          14
         216    8.919885           3          13          14
         217    8.923301           3          13          14
         218    8.927036           3          13          14
         219    8.930360           3          13          14
         220    8.933932           3          13          14
         221    8.937105           3          13          14
         222    8.940189           3          13          14
         223    8.943805           3          13          14
         224    8.947044           3          13          14
         225    8.950333           3          13          14
         226    8.953572           3          13          14
         227    8.956760           3          13          14
         228    8.960327           3          13          14
         229    8.963205           3          13          14
         230    8.966172           3          13          14
         231    8.969152           3          13          14
         232    8.972041           3          13          14
         233    8.975262           3          13          14
         234    8.978106           3          13          14
         235    8.981202           3          13          14
         236    8.983980           3          13          14
         237    8.986851           3          13          14
         238    8.990006           3          13          14
         239    8.993060           3          13          14
         240    8.995993           3          13          14
         241    8.998547           3          13          14
         242    9.001289           3          13          14
         243    9.004166           3          13          14
         244    9.007080           3          13          14
         245    9.009866           3          13          14
         246    9.012638           3          13          14
         247    9.015576           3          13          14
         248    9.018179           3          13          14
         249    9.020818           3          13          14
         250    9.023312           3          13          14
         251    9.025921           3          13          14
         252    9.028572           3          13          14
         253    9.031295           3          13          14
         254    9.034183           3          13          14
         255    9.037120           3          13          14
         256    9.039689           3          13          14
         257    9.042243           3          13          14
         258    9.044798           3          13          14
         259    9.047405           3          13          14
         260    9.050420           3          13          14
         261    9.052965           3          13          14
         262    9.055332           3          13          14
         263    9.058012           3          13          14
         264    9.060698           3          13          14
         265    9.063407           3          13          14
         266    9.065871           3          13          14
         267    9.068427           3          13          14
         268    9.070942           3          13          14
         269    9.073428           3          13          14
         270    9.075836           3          13          14
         271    9.078366           3          13          14
         272    9.080959           3          13          14
         273    9.083125           3          13          14
         274    9.085535           3          13          14
         275    9.087883           3          13          14
         276    9.090116           3          13          14
         277    9.092321           3          13          14
         278    9.094687           3          13          14
         279    9.097326           3          13          14
         280    9.099795           3          13          14
         281    9.102326           3          13          14
         282    9.104876           3          13          14
         283    9.106800           3          13          14
         284    9.108886           3          13          14
         285    9.110980           3          13          14
         286    9.113176           3          13          14
         287    9.115595           3          13          14
         288    9.117966           3          13          14
         289    9.120211           3          13          14
         290    9.122259           3          13          14
         291    9.124397           3          13          14
         292    9.126672           3          13          14
         293    9.128833           3          13          14
         294    9.130579           3          13          14
         295    9.132527           3          13          14
         296    9.134399           3          13          14
         297    9.136288           3          13          14
         298    9.138215           3          13          14
         299    9.140054           3          13          14
         300    9.142326           3          13          14
         301    9.144104           3          13          14
         302    9.146063           3          13          14
         303    9.147930           3          13          14
         304    9.149872           3          13          14
         305    9.151814           3          13          14
         306    9.153704           3          13          14
         307    9.155438           3          13          14
         308    9.157170           3          13          14
         309    9.159196           3          13          14
         310    9.160890           3          13          14
         311    9.162769           3          13          14
         312    9.164649           3          13          14
         313    9.166496           3          13          14
         314    9.168191           3          13          14
         315    9.169987           3          13          14
         316    9.171946           3          13          14
         317    9.173903           3          13          14
         318    9.176005           3          13          14
         319    9.177540           3          13          14
         320    9.179308           3          13          14
         321    9.181137           3          13          14
         322    9.182652           3          13          14
         323    9.184490           3          13          14
         324    9.186459           3          13          14
         325    9.188452           3          13          14
         326    9.190262           3          13          14
         327    9.191789           3          13          14
         328    9.193254           3          13          14
         329    9.195079           3          13          14
         330    9.196726           3          13          14
         331    9.198254           3          13          14
         332    9.200208           3          13          14
         333    9.201678           3          13          14
         334    9.203483           3          13          14
         335    9.204886           3          13          14
         336    9.206478           3          13          14
         337    9.208122           3          13          14
         338    9.209804           3          13          14
         339    9.211583           3          13          14
         340    9.213564           3          13          14
         341    9.215375           3          13          14
         342    9.217130           3          13          14
         343    9.218614           3          13          14
         344    9.220131           3          13          14
         345    9.221642           3          13          14
         346    9.223068           3          13          14
         347    9.224546           3          13          14
         348    9.226184           3          13          14
         349    9.227693           3          13          14
         350    9.229345           3          13          14
         351    9.231010           3          13          14
         352    9.232694           3          13          14
         353    9.234130           3          13          14
         354    9.235768           3          13          14
         355    9.237410           3          13          14
         356    9.238945           3          13          14
         357    9.240217           3          13          14
         358    9.241504           3          13          14
         359    9.243092           3          13          14
         360    9.244569           3          13          14
         361    9.246230           3          13          14
         362    9.247658           3          13          14
         363    9.249145           3          13          14
         364    9.250514           3          13          14
         365    9.251846           3          13          14
         366    9.253079           3          13          14
         367    9.254297           3          13          14
         368    9.255623           3          13          14
         369    9.256888           3          13          14
         370    9.258403           3          13          14
         371    9.259652           3          13          14
         372    9.260813           3          13          14
         373    9.262377           3          13          14
         374    9.264110           3          13          14
         375    9.265535           3          13          14
         376    9.266809           3          13          14
         377    9.268143           3          13          14
         378    9.269460           3          13          14
         379    9.270849           3          13          14
         380    9.272150           3          13          14
         381    9.273307           3          13          14
         382    9.274637           3          13          14
         383    9.275835           3          13          14
         384    9.276969           3          13          14
         385    9.278326           3          13          14
         386    9.279814           3          13          14
         387    9.280932           3          13          14
         388    9.282213           3          13          14
         389    9.283560           3          13          14
         390    9.285018           3          13          14
         391    9.286143           3          13          14
         392    9.287429           3          13          14
         393    9.288676           3          13          14
         394    9.290165           3          13          14
         395    9.291307           3          13          14
         396    9.292617           3          13          14
         397    9.293714           3          13          14
         398    9.295049           3          13          14
         399    9.296377           3          13          14
         400    9.297690           3          13          14
         401    9.299139           3          13          14
         402    9.300489           3          13          14
         403    9.301866           3          13          14
         404    9.303245           3          13          14
         405    9.304496           3          13          14
         406    9.305526           3          13          14
         407    9.306582           3          13          14
         408    9.308002           3          13          14
         409    9.309006           3          13          14
         410    9.310321           3          13          14
         411    9.311479           3          13          14
         412    9.312543           3          13          14
         413    9.313556           3          13          14
         414    9.314532           3          13          14
         415    9.315657           3          13          14
         416    9.316910           3          13          14
         417    9.318039           3          13          14
         418    9.319311           3          13          14
         419    9.320332           3          13          14
         420    9.321349           3          13          14
         421    9.322355           3          13          14
         422    9.323378           3          13          14
         423    9.324446           3          13          14
         424    9.325460           3          13          14
         425    9.326770           3          13          14
         426    9.327743           3          13          14
         427    9.328667           3          13          14
         428    9.329805           3          13          14
         429    9.330960           3          13          14
         430    9.331931           3          13          14
         431    9.332878           3          13          14
         432    9.333854           3          13          14
         433    9.335058           3          13          14
         434    9.336226           3          13          14
         435    9.337171           3          13          14
         436    9.338354           3          13          14
         437    9.339438           3          13          14
         438    9.340383           3          13          14
         439    9.341477           3          13          14
         440    9.342545           3          13          14
         441    9.343680           3          13          14
         442    9.344706           3          13          14
         443    9.345825           3          13          14
         444    9.346753           3          13          14
         445    9.347786           3          13          14
         446    9.348729           3          13          14
         447    9.349807           3          13          14
         448    9.350684           3          13          14
         449    9.351542           3          13          14
         450    9.352443           3          13          14
         451    9.353400           3          13          14
         452    9.354280           3          13          14
         453    9.355216           3          13          14
         454    9.356252           3          13          14
         455    9.357312           3          13          14
         456    9.358173           3          13          14
         457    9.359075           3          13          14
         458    9.360201           3          13          14
         459    9.361166           3          13          14
         460    9.361926           3          13          14
         461    9.362842           3          13          14
         462    9.363781           3          13          14
         463    9.364609           3          13          14
         464    9.365487           3          13          14
         465    9.366401           3          13          14
         466    9.367209           3          13          14
         467    9.368463           3          13          14
         468    9.369265           3          13          14
         469    9.370239           3          13          14
         470    9.371125           3          13          14
         471    9.371982           3          13          14
         472    9.373056           3          13          14
         473    9.374116           3          13          14
         474    9.374947           3          13          14
         475    9.375747           3          13          14
         476    9.376623           3          13          14
         477    9.377547           3          13          14
         478    9.378485           3          13          14
         479    9.379491           3          13          14
         480    9.380472           3          13          14
         481    9.381440           3          13          14
         482    9.382273           3          13          14
         483    9.383047           3          13          14
         484    9.383969           3          13          14
         485    9.384868           3          13          14
         486    9.385835           3          13          14
         487    9.386615           3          13          14
         488    9.387333           3          13          14
         489    9.388198           3          13          14
         490    9.388786           3          13          14
         491    9.389658           3          13          14
         492    9.390419           3          13          14
         493    9.391184           3          13          14
         494    9.392064           3          13          14
         495    9.393016           3          13          14
         496    9.393723           3          13          14
         497    9.394381           3          13          14
         498    9.395152           3          13          14
         499    9.395864           3          13          14
         500    9.396803           3          13          14
         501    9.397559           3          13          14
         502    9.398396           3          13          14
         503    9.399339           3          13          14
         504    9.400056           3          13          14
         505    9.400982           3          13          14
         506    9.401649           3          13          14
         507    9.402324           3          13          14
         508    9.403057           3          13          14
         509    9.403830           3          13          14
         510    9.404627           3          13          14
         511    9.405292           3          13          14
         512    9.406233           3          13          14
         513    9.407006           3          13          14
         514    9.407839           3          13          14
         515    9.408714           3          13          14
         516    9.409525           3          13          14
         517    9.410377           3          13          14
         518    9.411149           3          13          14
         519    9.411758           3          13          14
         520    9.412535           3          13          14
         521    9.413252           3          13          14
         522    9.414048           3          13          14
         523    9.415006           3          13          14
         524    9.415639           3          13          14
         525    9.416331           3          13          14
         526    9.417016           3          13          14
         527    9.417918           3          13          14
         528    9.418726           3          13          14
         529    9.419344           3          13          14
         530    9.420132           3          13          14
         531    9.420907           3          13          14
         532    9.421567           3          13          14
         533    9.422306           3          13          14
         534    9.422979           3          13          14
         535    9.423746           3          13          14
         536    9.424547           3          13          14
         537    9.425270           3          13          14
         538    9.425874           3          13          14
         539    9.426503           3          13          14
         540    9.427326           3          13          14
         541    9.427869           3          13          14
         542    9.428673           3          13          14
         543    9.429610           3          13          14
         544    9.430439           3          13          14
         545    9.431210           3          13          14
         546    9.432130           3          13          14
         547    9.432767           3          13          14
         548    9.433554           3          13          14
         549    9.434054           3          13          14
         550    9.434768           3          13          14
         551    9.435566           3          13          14
         552    9.436106           3          13          14
         553    9.436671           3          13          14
         554    9.437191           3          13          14
         555    9.437792           3          13          14
         556    9.438584           3          13          14
         557    9.439202           3          13          14
         558    9.439963           3          13          14
         559    9.440535           3          13          14
         560    9.441059           3          13          14
         561    9.441727           3          13          14
         562    9.442452           3          13          14
         563    9.443023           3          13          14
         564    9.443626           3          13          14
         565    9.444305           3          13          14
         566    9.444978           3          13          14
         567    9.445713           3          13          14
         568    9.446307           3          13          14
         569    9.447011           3          13          14
         570    9.447682           3          13          14
         571    9.448342           3          13          14
         572    9.448976           3          13          14
         573    9.449715           3          13          14
         574    9.450306           3          13          14
         575    9.450859           3          13          14
         576    9.451513           3          13          14
         577    9.452100           3          13          14
         578    9.452760           3          13          14
         579    9.453358           3          13          14
         580    9.454083           3          13          14
         581    9.454651           3          13          14
         582    9.455271           3          13          14
         583    9.455953           3          13          14
         584    9.456606           3          13          14
         585    9.457237           3          13          14
         586    9.458021           3          13          14
         587    9.458665           3          13          14
         588    9.459315           3          13          14
         589    9.460048           3          13          14
         590    9.460750           3          13          14
         591    9.461410           3          13          14
         592    9.461856           3          13          14
         593    9.462398           3          13          14
         594    9.462984           3          13          14
         595    9.463565           3          13          14
         596    9.464146           3          13          14
         597    9.464742           3          13          14
         598    9.465333           3          13          14
         599    9.465902           3          13          14
