         IDX         DEG      PARAM0      PARAM1      PARAM2
           0   10.000000           0           0           0
           1    8.163696           0           0           0
           2    9.478509           0           0           0
           3    9.579997          18           0           2
           4    9.216543          18           0           2
           5    9.026136          18           0           2
           6    8.854373          14           2           5
           7    8.751238           0           2           9
           8    8.678170           0           2           9
           9    8.617798           0           2           9
          10    8.588960           0           2           9
          11    8.575008           0           2           9
          12    8.557896           0           2           9
          13    8.547345           0           2           9
          14    8.542727           0           2           9
          15    8.536737           0           2           9
          16    8.544210           4           0           1
          17    8.545536           4           0           1
          18    8.524371          14           0           7
          19    8.527684          14           0           7
          20    8.533520          14           0           7
          21    8.537336          14           0           7
          22    8.538375          14           0           7
          23    8.549084          14           0           7
          24    8.555819          14           0           7
          25    8.561591          14           0           7
          26    8.569698          14           0           7
          27    8.576588          14           0           7
          28    8.586810          14           0           7
          29    8.593642          14           0           7
          30    8.604675          14           0           7
          31    8.609661          14           0           7
          32    8.558926          11           1           1
          33    8.564926          11           1           1
          34    8.568160          11           1           1
          35    8.577920          11           1           1
          36    8.590146          11           1           1
          37    8.600473          11           1           1
          38    8.613195          11           1           1
          39    8.620088          11           1           1
          40    8.629840          11           1           1
          41    8.643196          11           1           1
          42    8.651467          11           1           1
          43    8.661410          11           1           1
          44    8.670684          11           1           1
          45    8.674694          11           1           1
          46    8.681986          11           1           1
          47    8.688491          11           1           1
          48    8.696612          11           1           1
          49    8.705475          11           1           1
          50    8.713127          11           1           1
          51    8.720804          11           1           1
          52    8.729276          11           1           1
          53    8.735367          11           1           1
          54    8.742594          11           1           1
          55    8.747657          11           1           1
          56    8.753350          11           1           1
          57    8.759973          11           1           1
          58    8.767791          11           1           1
          59    8.773995          11           1           1
          60    8.780919          11           1           1
          61    8.786300          11           1           1
          62    8.794233          11           1           1
          63    8.800412          11           1           1
          64    8.807665          11           1           1
          65    8.813713          11           1           1
          66    8.816927          11           1           1
          67    8.821795          11           1           1
          68    8.828470          11           1           1
          69    8.834918          11           1           1
          70    8.842684          11           1           1
          71    8.848388          11           1           1
          72    8.853087          11           1           1
          73    8.858061          11           1           1
          74    8.864758          11           1           1
          75    8.870199          11           1           1
          76    8.875218          11           1           1
          77    8.879862          11           1           1
          78    8.884653          11           1           1
          79    8.891823          11           1           1
          80    8.898576          11           1           1
          81    8.903496          11           1           1
          82    8.908946          11           1           1
          83    8.912162          11           1           1
          84    8.915611          11           1           1
          85    8.921190          11           1           1
          86    8.926238          11           1           1
          87    8.931086          11           1           1
          88    8.935383          11           1           1
          89    8.941495          11           1           1
          90    8.943010          12           2           5
          91    8.947648          12           2           5
          92    8.952478          12           2           5
          93    8.957008          12           2           5
          94    8.960739          12           2           5
          95    8.966934          12           2           5
          96    8.973569          12           2           5
          97    8.978383          12           2           5
          98    8.983543          12           2           5
          99    8.987620          12           2           5
