         IDX         DEG      PARAM0      PARAM1      PARAM2      PARAM3
           0   10.000000           0           0           0           0
           1    7.384875          20          17          22           5
           2    6.394701          41           4           3           5
           3    5.976798          44           1          21           3
           4    5.751042          44           1          21           3
           5    5.607862          44           1          21           3
           6    5.514559          44           1          21           3
           7    5.462284          44           1          21           3
           8    5.420202          44           1          21           3
           9    5.380156          44           1          21           3
          10    5.365775          44           1          21           3
          11    5.355848          44           1          21           3
          12    5.349089          44           1          21           3
          13    5.349443          44           1          21           3
          14    5.347479          44           1          21           3
          15    5.352834          44           1          21           3
          16    5.354934          44           1          21           3
          17    5.360705          44           1          21           3
          18    5.364356          44           1          21           3
          19    5.369409          44           1          21           3
          20    5.378029          44           1          21           3
          21    5.382881          44           1          21           3
          22    5.395865          44           1          21           3
          23    5.403043          44           1          21           3
          24    5.410645          44           1          21           3
          25    5.420403          44           1          21           3
          26    5.430615          44           1          21           3
          27    5.444788          44           1          21           3
          28    5.452104          44           1          21           3
          29    5.460501          44           1          21           3
          30    5.469776          44           1          21           3
          31    5.479783          44           1          21           3
          32    5.488922          44           1          21           3
          33    5.498241          44           1          21           3
          34    5.507252          44           1          21           3
          35    5.519082          44           1          21           3
          36    5.531211          44           1          21           3
          37    5.542827          44           1          21           3
          38    5.553582          44           1          21           3
          39    5.565570          44           1          21           3
          40    5.576223          44           1          21           3
          41    5.589457          44           1          21           3
          42    5.602488          44           1          21           3
          43    5.614163          44           1          21           3
          44    5.625162          44           1          21           3
          45    5.635916          44           1          21           3
          46    5.648732          44           1          21           3
          47    5.660218          44           1          21           3
          48    5.670580          44           1          21           3
          49    5.681801          44           1          21           3
          50    5.695188          44           1          21           3
          51    5.707580          44           1          21           3
          52    5.719234          44           1          21           3
          53    5.729019          44           1          21           3
          54    5.740669          44           1          21           3
          55    5.751253          44           1          21           3
          56    5.763140          44           1          21           3
          57    5.774561          44           1          21           3
          58    5.786084          44           1          21           3
          59    5.797101          44           1          21           3
          60    5.809839          44           1          21           3
          61    5.821742          44           1          21           3
          62    5.831169          44           1          21           3
          63    5.842598          44           1          21           3
          64    5.853929          44           1          21           3
          65    5.864192          44           1          21           3
          66    5.874594          44           1          21           3
          67    5.884292          44           1          21           3
          68    5.895782          44           1          21           3
          69    5.906642          44           1          21           3
          70    5.917716          44           1          21           3
          71    5.927728          44           1          21           3
          72    5.939828          44           1          21           3
          73    5.949893          44           1          21           3
          74    5.960614          44           1          21           3
          75    5.971682          44           1          21           3
          76    5.981423          44           1          21           3
          77    5.992750          44           1          21           3
          78    6.002341          44           1          21           3
          79    6.012549          44           1          21           3
          80    6.022114          44           1          21           3
          81    6.032741          44           1          21           3
          82    6.043015          44           1          21           3
          83    6.052593          44           1          21           3
          84    6.062908          44           1          21           3
          85    6.071987          44           1          21           3
          86    6.081513          44           1          21           3
          87    6.091631          44           1          21           3
          88    6.102251          44           1          21           3
          89    6.112045          44           1          21           3
          90    6.121654          44           1          21           3
          91    6.113770           8           6           7           3
          92    6.124582           8           6           7           3
          93    6.135700           8           6           7           3
          94    6.145382           8           6           7           3
          95    6.155306           8           6           7           3
          96    6.165555           8           6           7           3
          97    6.175517           8           6           7           3
          98    6.185101           8           6           7           3
          99    6.194036           8           6           7           3
