         IDX         DEG      PARAM0      PARAM1      PARAM2
           0   10.000000          10           5           0
           1    5.275513          67          68          22
           2    3.789261          67          68          22
           3    3.795630          67          68          22
           4    3.801986          67          68          22
           5    3.808328          67          68          22
           6    3.814657          67          68          22
           7    3.814657          67          68          22
           8    3.814657          67          68          22
           9    3.814657          67          68          22
          10    2.316954          67          68          22
          11    2.405519          67          68          22
          12    2.405519          67          68          22
          13    2.405519          67          68          22
          14    2.405519          67          68          22
          15    2.446459          67          68          22
          16    2.449982          67          68          22
          17    2.453501          67          68          22
          18    2.506278          38          39          19
          19    2.509815          38          39          19
          20    2.559380          38          39          19
          21    2.559380          38          39          19
          22    2.559380          38          39          19
          23    2.559380          38          39          19
          24    2.562468          38          39          19
          25    2.596490          38          39          19
          26    2.599571          38          39          19
          27    2.599571          38          39          19
          28    2.602539          38          39          19
          29    2.605504          38          39          19
          30    2.635827          38          39          19
          31    2.331576          38          39          19
          32    2.350267          62          90          13
          33    2.350267          62          90          13
          34    2.353027          62          90          13
          35    2.355783          62          90          13
          36    2.355783          62          90          13
          37    2.358464          62          90          13
          38    2.386381          62          90          13
          39    2.413686          62          90          13
          40    2.436752          62          90          13
          41    2.436752          62          90          13
          42    2.436752          62          90          13
          43    2.439299          62          90          13
          44    2.439299          62          90          13
          45    2.439299          62          90          13
          46    2.439299          62          90          13
          47    2.261627          62          90          13
          48    2.261627          62          90          13
          49    2.263958          62          90          13
          50    2.266287          62          90          13
          51    2.268615          62          90          13
          52    2.270935          62          90          13
          53    2.291702          62          90          13
          54    2.294024          62          90          13
          55    2.163371          62          90          13
          56    2.163371          62          90          13
          57    2.165649          62          90          13
          58    2.165649          62          90          13
          59    2.167885          62          90          13
          60    2.167885          62          90          13
          61    2.170610          62          90          13
          62    2.172565          62          90          13
          63    2.174518          62          90          13
          64    2.176470          62          90          13
          65    2.077209          62          90          13
          66    2.088774          62          90          13
          67    2.090645          62          90          13
          68    2.092512          62          90          13
          69    2.006914          62          90          13
          70    2.022909          62          90          13
          71    2.022909          62          90          13
          72    2.024749          62          90          13
          73    2.024749          62          90          13
          74    1.948555          62          90          13
          75    1.950367          62          90          13
          76    1.950367          62          90          13
          77    1.964822          62          90          13
          78    1.966609          62          90          13
          79    1.903726          62          90          13
          80    1.846600          62          90          13
          81    1.792820          62          90          13
          82    1.794603          62          90          13
          83    1.796384          62          90          13
          84    1.796384          62          90          13
          85    1.796384          62          90          13
          86    1.750246          62          90          13
          87    1.751984          62          90          13
          88    1.753721          62          90          13
          89    1.760757          62          90          13
          90    1.762434          62          90          13
          91    1.774399          92          94          10
          92    1.731098          92          94          10
          93    1.732773          92          94          10
          94    1.732773          92          94          10
          95    1.732773          92          94          10
          96    1.744223          92          94          10
          97    1.754687          92          94          10
          98    1.756315          92          94          10
          99    1.756315          92          94          10
         100    1.757926          92          94          10
         101    1.759536          92          94          10
         102    1.759536          92          94          10
         103    1.759536          92          94          10
         104    1.726471          92          94          10
         105    1.726471          92          94          10
         106    1.692778          92          94          10
         107    1.694340          92          94          10
         108    1.694340          92          94          10
         109    1.695885          92          94          10
         110    1.695885          92          94          10
         111    1.695885          92          94          10
         112    1.697404          92          94          10
         113    1.707161          92          94          10
         114    1.708677          92          94          10
         115    1.708677          92          94          10
         116    1.708677          92          94          10
         117    1.708677          92          94          10
         118    1.716662          92          94          10
         119    1.718127          92          94          10
         120    1.690134          92          94          10
         121    1.698651          92          94          10
         122    1.700110          92          94          10
         123    1.700110          92          94          10
         124    1.709120          92          94          10
         125    1.710567          92          94          10
         126    1.710567          92          94          10
         127    1.712001          92          94          10
         128    1.713434          92          94          10
         129    1.713434          92          94          10
         130    1.714856          92          94          10
         131    1.690361          92          94          10
         132    1.691780          92          94          10
         133    1.693201          92          94          10
         134    1.694619          92          94          10
         135    1.671587          92          94          10
         136    1.671587          92          94          10
         137    1.672995          92          94          10
         138    1.681091          92          94          10
         139    1.682497          92          94          10
         140    1.683901          92          94          10
         141    1.662755          92          94          10
         142    1.664159          92          94          10
         143    1.670876          92          94          10
         144    1.672279          92          94          10
         145    1.672279          92          94          10
         146    1.652642          92          94          10
         147    1.654032          92          94          10
         148    1.655422          92          94          10
         149    1.656813          92          94          10
