         IDX         DEG      PARAM0      PARAM1      PARAM2      PARAM3
           0   10.000000           0           0           0           0
           1    5.924546           0           0           0           0
           2    5.441162           0           0           0           0
           3    5.209475           0           0           0           0
           4    5.256628           0           0           0           0
           5    5.018964           0           0           0           0
           6    4.787145          97          18          28           6
           7    4.880240          97          18          28           6
           8    4.862183          97          18          28           6
           9    4.380338          91          21          43          15
          10    4.398886          91          21          43          15
          11    4.272363          91          21          43          15
          12    4.281475          91          21          43          15
          13    4.294313          91          21          43          15
          14    4.230014          75           4          20           4
          15    4.240058          75           4          20           4
          16    4.250786          75           4          20           4
          17    4.260250          75           4          20           4
          18    4.265084          75           4          20           4
          19    4.267750          75           4          20           4
          20    4.276169          75           4          20           4
          21    4.272953          75           4          20           4
          22    4.229808          36           2          28          12
          23    4.185910          36           2          28          12
          24    4.188068          36           2          28          12
          25    4.189722          36           2          28          12
          26    4.175707          36           2          28          12
          27    4.178876          36           2          28          12
          28    4.180873          36           2          28          12
          29    4.181275          36           2          28          12
          30    4.150876          36           2          28          12
          31    4.154160          36           2          28          12
          32    4.157823          36           2          28          12
          33    4.158610          36           2          28          12
          34    4.161408          36           2          28          12
          35    4.163941          36           2          28          12
          36    4.166806          36           2          28          12
          37    4.168421          36           2          28          12
          38    4.171476          36           2          28          12
          39    4.174430          36           2          28          12
          40    4.176207          36           2          28          12
          41    4.178818          36           2          28          12
          42    4.181480          36           2          28          12
          43    4.182719          36           2          28          12
          44    4.185089          36           2          28          12
          45    4.186076          36           2          28          12
          46    4.181789          36           2          28          12
          47    4.183999          36           2          28          12
          48    4.185937          36           2          28          12
          49    4.201529          36           2          28          12
          50    4.203041          36           2          28          12
          51    4.204429          36           2          28          12
          52    4.204764          36           2          28          12
          53    4.205548          36           2          28          12
          54    4.206825          36           2          28          12
          55    4.202189          36           2          28          12
          56    4.193640          36           2          28          12
          57    4.195364          36           2          28          12
          58    4.197005          36           2          28          12
          59    4.198745          36           2          28          12
          60    4.195174          36           2          28          12
          61    4.194830          36           2          28          12
          62    4.196203          36           2          28          12
          63    4.197608          36           2          28          12
          64    4.186453          36           2          28          12
          65    4.187842          36           2          28          12
          66    4.188936          36           2          28          12
          67    4.190293          36           2          28          12
          68    4.181020          36           2          28          12
          69    4.182225          36           2          28          12
          70    4.183120          36           2          28          12
          71    4.183887          36           2          28          12
          72    4.185071          36           2          28          12
          73    4.184432          36           2          28          12
          74    4.185126          36           2          28          12
          75    4.186147          36           2          28          12
          76    4.187056          36           2          28          12
          77    4.188124          36           2          28          12
          78    4.188720          36           2          28          12
          79    4.189880          36           2          28          12
          80    4.190753          36           2          28          12
          81    4.191773          36           2          28          12
          82    4.185655          36           2          28          12
          83    4.185944          36           2          28          12
          84    4.185828          36           2          28          12
          85    4.186636          36           2          28          12
          86    4.178880          36           2          28          12
          87    4.179873          36           2          28          12
          88    4.180213          36           2          28          12
          89    4.180960          36           2          28          12
          90    4.180960          36           2          28          12
          91    4.181832          36           2          28          12
          92    4.181539          36           2          28          12
          93    4.181734          36           2          28          12
          94    4.182894          36           2          28          12
          95    4.183091          36           2          28          12
          96    4.183884          36           2          28          12
          97    4.184535          36           2          28          12
          98    4.180040          36           2          28          12
          99    4.180780          36           2          28          12
         100    4.181518          36           2          28          12
         101    4.182354          36           2          28          12
         102    4.183184          36           2          28          12
         103    4.183918          36           2          28          12
         104    4.184548          36           2          28          12
         105    4.185317          36           2          28          12
         106    4.185877          36           2          28          12
         107    4.186558          36           2          28          12
         108    4.187267          36           2          28          12
         109    4.188001          36           2          28          12
         110    4.184754          36           2          28          12
         111    4.184754          36           2          28          12
         112    4.182372          36           2          28          12
         113    4.182304          36           2          28          12
         114    4.181471          36           2          28          12
         115    4.182002          36           2          28          12
         116    4.182666          36           2          28          12
         117    4.182693          36           2          28          12
         118    4.183170          36           2          28          12
         119    4.183928          36           2          28          12
         120    4.184430          36           2          28          12
         121    4.184898          36           2          28          12
         122    4.185572          36           2          28          12
         123    4.185062          36           2          28          12
         124    4.184750          36           2          28          12
         125    4.185381          36           2          28          12
         126    4.185656          36           2          28          12
         127    4.186214          36           2          28          12
         128    4.186655          36           2          28          12
         129    4.028012          21           1          48          12
         130    4.028324          21           1          48          12
         131    4.028547          21           1          48          12
         132    4.028834          21           1          48          12
         133    4.029117          21           1          48          12
         134    4.029423          21           1          48          12
         135    4.039419          21           1          48          12
         136    4.039051          21           1          48          12
         137    4.039244          21           1          48          12
         138    4.038905          21           1          48          12
         139    4.039088          21           1          48          12
         140    4.039256          21           1          48          12
         141    4.039364          21           1          48          12
         142    4.039435          21           1          48          12
         143    4.039665          21           1          48          12
         144    4.041762          21           1          48          12
         145    4.041940          21           1          48          12
         146    4.042082          21           1          48          12
         147    4.042154          21           1          48          12
         148    4.042310          21           1          48          12
         149    4.042426          21           1          48          12
         150    4.042561          21           1          48          12
         151    4.042728          21           1          48          12
         152    4.042688          21           1          48          12
         153    4.042797          21           1          48          12
         154    4.042915          21           1          48          12
         155    4.043083          21           1          48          12
         156    4.043171          21           1          48          12
         157    4.043288          21           1          48          12
         158    4.043204          21           1          48          12
         159    4.043315          21           1          48          12
         160    4.043469          21           1          48          12
         161    4.043626          21           1          48          12
         162    4.043626          21           1          48          12
         163    4.043733          21           1          48          12
         164    4.043822          21           1          48          12
         165    4.043949          21           1          48          12
         166    4.044102          21           1          48          12
         167    4.044187          21           1          48          12
         168    4.044319          21           1          48          12
         169    4.044152          21           1          48          12
         170    4.044215          21           1          48          12
         171    4.044324          21           1          48          12
         172    4.043860          21           1          48          12
         173    4.043973          21           1          48          12
         174    4.043898          21           1          48          12
         175    4.043996          21           1          48          12
         176    4.044076          21           1          48          12
         177    4.044218          21           1          48          12
         178    4.044291          21           1          48          12
         179    4.044434          21           1          48          12
         180    4.044583          21           1          48          12
         181    4.044605          21           1          48          12
         182    4.044729          21           1          48          12
         183    4.044648          21           1          48          12
         184    4.044723          21           1          48          12
         185    4.044723          21           1          48          12
         186    4.044845          21           1          48          12
         187    4.044937          21           1          48          12
         188    4.045077          21           1          48          12
         189    4.044628          21           1          48          12
         190    4.044649          21           1          48          12
         191    4.044752          21           1          48          12
         192    4.044894          21           1          48          12
         193    4.044841          21           1          48          12
         194    4.044934          21           1          48          12
         195    4.045052          21           1          48          12
         196    4.035046          21           1          48          12
         197    4.035170          21           1          48          12
         198    4.035340          21           1          48          12
         199    4.035488          21           1          48          12
         200    4.035289          21           1          48          12
         201    4.035454          21           1          48          12
         202    4.035454          21           1          48          12
         203    4.035544          21           1          48          12
         204    4.035553          21           1          48          12
         205    4.035698          21           1          48          12
         206    4.034780          21           1          48          12
         207    4.034939          21           1          48          12
         208    4.035115          21           1          48          12
         209    4.035259          21           1          48          12
         210    4.035161          21           1          48          12
         211    4.035302          21           1          48          12
         212    4.035402          21           1          48          12
         213    4.035481          21           1          48          12
         214    4.035651          21           1          48          12
         215    4.035766          21           1          48          12
         216    4.035686          21           1          48          12
         217    4.035839          21           1          48          12
         218    4.035651          21           1          48          12
         219    4.035796          21           1          48          12
         220    4.035872          21           1          48          12
         221    4.035802          21           1          48          12
         222    4.035950          21           1          48          12
         223    4.036092          21           1          48          12
         224    4.036155          21           1          48          12
         225    4.036294          21           1          48          12
         226    4.036248          21           1          48          12
         227    4.036248          21           1          48          12
         228    4.036404          21           1          48          12
         229    4.036357          21           1          48          12
         230    4.036491          21           1          48          12
         231    4.036633          21           1          48          12
         232    4.036664          21           1          48          12
         233    4.036746          21           1          48          12
         234    4.036886          21           1          48          12
         235    4.036985          21           1          48          12
         236    4.036955          21           1          48          12
         237    4.036989          21           1          48          12
         238    3.583486          10           5          16          10
         239    3.566561          10           5          16          10
         240    3.561961          10           5          16          10
         241    3.562616          10           5          16          10
         242    3.563775          10           5          16          10
         243    3.565157          10           5          16          10
         244    3.566207          10           5          16          10
         245    3.566207          10           5          16          10
         246    3.567499          10           5          16          10
         247    3.568459          10           5          16          10
         248    3.569321          10           5          16          10
         249    3.570037          10           5          16          10
         250    3.571081          10           5          16          10
         251    3.572168          10           5          16          10
         252    3.572168          10           5          16          10
         253    3.572319          10           5          16          10
         254    3.573011          10           5          16          10
         255    3.573323          10           5          16          10
         256    3.573323          10           5          16          10
         257    3.572842          10           5          16          10
         258    3.571423          10           5          16          10
         259    3.572357          10           5          16          10
         260    3.573683          10           5          16          10
         261    3.574662          10           5          16          10
         262    3.576017          10           5          16          10
         263    3.576036          10           5          16          10
         264    3.577219          10           5          16          10
         265    3.577889          10           5          16          10
         266    3.578358          10           5          16          10
         267    3.579559          10           5          16          10
         268    3.580838          10           5          16          10
         269    3.581931          10           5          16          10
         270    3.582503          10           5          16          10
         271    3.583704          10           5          16          10
         272    3.584532          10           5          16          10
         273    3.583230          10           5          16          10
         274    3.584434          10           5          16          10
         275    3.585026          10           5          16          10
         276    3.585761          10           5          16          10
         277    3.585847          10           5          16          10
         278    3.587134          10           5          16          10
         279    3.587150          10           5          16          10
         280    3.588409          10           5          16          10
         281    3.589064          10           5          16          10
         282    3.589826          10           5          16          10
         283    3.590974          10           5          16          10
         284    3.590826          10           5          16          10
         285    3.591938          10           5          16          10
         286    3.592596          10           5          16          10
         287    3.592854          10           5          16          10
         288    3.593320          10           5          16          10
         289    3.594624          10           5          16          10
         290    3.595577          10           5          16          10
         291    3.596381          10           5          16          10
         292    3.597628          10           5          16          10
         293    3.598641          10           5          16          10
         294    3.596973          10           5          16          10
         295    3.596739          10           5          16          10
         296    3.597288          10           5          16          10
         297    3.597735          10           5          16          10
         298    3.598704          10           5          16          10
         299    3.599779          10           5          16          10
