         IDX         DEG      PARAM0      PARAM1      PARAM2
           0   10.000000           0           2           2
           1    7.529718           0           2           2
           2    8.121007           0           2           2
           3    8.824796           0           2           2
           4    9.463587           0           2           2
           5    9.985124           9           8           6
           6    9.888253          11           0           0
           7    9.842023          11           0           0
           8    9.813450          11           0           0
           9    9.777782          18           1          12
          10    9.767723          18           1          12
          11    9.761203          18           1          12
          12    9.756788          18           1          12
          13    9.755578          18           1          12
          14    9.757322          18           1          12
          15    9.760226          18           1          12
          16    9.761753          18           1          12
          17    9.764227          18           1          12
          18    9.768144          18           1          12
          19    9.771620          18           1          12
          20    9.776976          18           1          12
          21    9.779228          18           1          12
          22    9.782826          18           1          12
          23    9.786986          18           1          12
          24    9.789763          18           1          12
          25    9.793633          18           1          12
          26    9.796663          18           1          12
          27    9.800127          18           1          12
          28    9.803753          18           1          12
          29    9.807187          18           1          12
          30    9.810300          18           1          12
          31    9.813700          18           1          12
          32    9.817236          18           1          12
          33    9.820147          18           1          12
          34    9.823239          18           1          12
          35    9.825405          18           1          12
          36    9.827722          18           1          12
          37    9.829947          18           1          12
          38    9.831740          18           1          12
          39    9.833694          18           1          12
          40    9.835633          18           1          12
          41    9.838002          18           1          12
          42    9.839568          18           1          12
          43    9.841911          18           1          12
          44    9.844138          18           1          12
          45    9.845821          18           1          12
          46    9.847722          18           1          12
          47    9.849169          18           1          12
          48    9.850250          18           1          12
          49    9.851813          18           1          12
          50    9.853656          18           1          12
          51    9.855427          18           1          12
          52    9.857288          18           1          12
          53    9.858724          18           1          12
          54    9.860292          18           1          12
          55    9.861076          18           1          12
          56    9.862633          18           1          12
          57    9.863651          18           1          12
          58    9.864868          18           1          12
          59    9.866018          18           1          12
          60    9.866678          18           1          12
          61    9.867938          18           1          12
          62    9.869165          18           1          12
          63    9.870355          18           1          12
          64    9.871539          18           1          12
          65    9.872909          18           1          12
          66    9.873975          18           1          12
          67    9.875048          18           1          12
          68    9.875915          18           1          12
          69    9.877076          18           1          12
          70    9.877848          18           1          12
          71    9.878725          18           1          12
          72    9.879175          18           1          12
          73    9.880370          18           1          12
          74    9.881057          18           1          12
          75    9.882172          18           1          12
          76    9.883052          18           1          12
          77    9.883750          18           1          12
          78    9.884671          18           1          12
          79    9.885445          18           1          12
          80    9.886220          18           1          12
          81    9.887415          18           1          12
          82    9.887818          18           1          12
          83    9.888400          18           1          12
          84    9.889365          18           1          12
          85    9.889991          18           1          12
          86    9.890609          18           1          12
          87    9.891204          18           1          12
          88    9.891965          18           1          12
          89    9.892577          18           1          12
          90    9.893208          18           1          12
          91    9.893820          18           1          12
          92    9.894541          18           1          12
          93    9.895013          18           1          12
          94    9.895871          18           1          12
          95    9.896453          18           1          12
          96    9.897129          18           1          12
          97    9.897868          18           1          12
          98    9.898460          18           1          12
          99    9.898609          18           1          12
