         IDX  CYCLES_DEG
           0    0.985716
           1    0.997436
           2    1.007719
           3    1.073447
           4    0.991914
           5    1.010311
           6    0.998141
           7    1.233188
           8    0.981744
           9    0.986533
          10    1.068066
          11    1.080096
          12    1.014960
          13    0.995380
          14    0.998000
          15    0.979941
          16    0.995098
          17    1.010030
          18    1.029638
          19    0.994619
          20    0.987407
          21    1.423468
          22    0.985801
          23    1.009522
          24    0.987576
          25    1.014622
          26    0.987350
          27    1.025694
          28    0.987745
          29    1.049303
          30    0.995042
          31    0.999887
          32    0.990534
          33    0.993689
          34    0.989970
          35    1.001606
          36    1.000282
          37    0.997577
          38    1.000592
          39    1.019298
          40    0.999155
          41    0.978532
          42    1.005409
          43    1.003860
          44    0.985519
          45    1.432061
          46    0.978983
          47    1.133146
          48    0.998169
          49    0.979265
          50    0.985575
          51    1.176842
          52    0.999465
          53    0.981688
          54    1.010734
          55    0.979321
          56    1.442400
          57    0.977800
          58    0.987857
          59    1.003296
          60    0.989999
          61    1.016284
          62    0.975433
          63    1.017890
          64    0.979687
          65    1.113734
          66    0.982026
          67    1.010621
          68    1.015411
          69    0.983716
          70    1.022200
          71    0.976645
          72    0.992506
          73    0.996901
          74    1.414622
          75    1.008057
          76    0.982533
          77    1.006480
          78    1.124187
          79    0.973799
          80    0.982307
          81    1.004930
          82    1.012509
          83    1.025299
          84    1.003381
          85    1.007438
          86    0.993746
          87    0.977236
          88    0.995042
          89    0.999352
          90    1.016847
          91    1.006057
          92    1.382448
          93    0.995408
          94    0.995492
          95    0.993295
          96    1.115622
          97    1.080603
          98    0.991295
          99    1.002254
         100    1.006818
         101    1.056684
         102    1.005353
         103    0.995887
         104    0.989661
         105    1.038512
         106    0.983941
         107    0.992478
         108    1.011072
         109    0.982814
         110    1.055980
         111    0.982984
         112    1.049162
         113    0.988477
         114    0.981011
         115    1.184843
         116    0.978898
         117    1.425835
         118    1.020961
         119    1.423299
         120    0.984787
         121    1.236315
         122    1.319904
         123    1.020820
         124    1.033977
         125    0.992083
         126    0.989182
         127    1.017693
         128    1.001099
         129    0.984589
         130    1.018284
         131    0.990111
         132    0.996028
         133    1.308889
         134    0.979349
         135    1.043443
         136    1.023017
         137    0.996028
         138    0.978419
         139    1.341147
         140    0.978194
         141    0.987238
         142    0.987209
         143    1.450232
         144    0.982420
         145    1.229666
         146    0.978842
         147    1.335371
         148    1.013185
         149    0.995999
         150    1.010030
         151    1.139287
         152    0.976926
         153    0.997718
         154    0.972531
         155    1.449556
         156    0.996112
         157    1.340724
         158    0.997549
         159    1.478969
         160    0.982589
         161    1.000986
         162    1.335456
         163    0.995830
         164    1.023102
         165    1.235582
         166    0.975067
         167    1.006339
         168    1.153994
         169    0.981321
         170    1.016566
         171    1.005719
         172    1.029751
         173    1.087702
         174    1.016256
         175    0.983153
         176    1.075081
         177    1.156754
         178    1.033244
         179    0.979152
         180    1.067193
         181    1.038428
         182    0.988421
         183    1.029131
         184    0.995887
         185    0.986054
         186    0.991182
         187    0.999831
         188    1.007409
         189    1.011382
         190    1.032793
         191    0.970249
         192    1.031018
         193    0.998704
         194    1.330892
         195    0.978673
         196    1.032061
         197    0.981631
         198    0.982814
         199    0.998591
         200    0.983660
         201    1.102803
         202    1.148725
         203    0.979434
         204    1.021524
         205    0.983547
         206    0.998422
         207    1.000563
         208    0.982392
         209    1.003465
         210    0.997972
         211    1.125285
         212    0.989491
         213    1.111058
         214    0.991802
         215    1.256769
         216    0.997070
         217    0.987548
         218    1.330920
         219    0.986900
         220    1.014340
         221    0.993351
         222    0.980814
         223    1.295929
         224    0.984730
         225    1.027187
         226    0.989886
         227    0.981659
         228    1.404592
         229    1.018003
         230    1.038372
         231    0.984815
         232    1.010593
         233    0.979237
         234    1.037386
         235    1.023496
         236    0.994732
         237    1.378729
         238    0.980194
         239    1.043217
         240    0.983406
         241    0.988759
         242    0.979039
         243    1.014988
         244    0.982082
         245    0.990956
         246    0.993210
         247    0.980702
         248    0.991886
         249    0.979603
         250    1.439499
         251    0.978504
         252    0.996422
         253    0.989153
         254    0.995380
         255    1.034625
         256    0.985688
         257    0.984646
         258    0.985463
         259    1.391548
         260    1.008536
         261    1.050768
         262    1.003381
         263    0.981096
         264    1.009551
         265    1.006480
         266    1.044372
         267    0.984392
         268    0.984364
         269    1.073193
         270    0.985942
         271    1.021890
         272    1.005325
         273    0.979772
         274    1.288266
         275    1.006226
         276    1.001634
         277    0.987801
         278    0.997521
         279    1.112128
         280    0.976137
         281    0.986871
         282    0.996197
         283    0.979067
         284    1.004536
         285    1.022792
         286    1.013326
         287    1.022792
         288    1.408959
         289    0.971771
         290    1.027440
         291    0.977602
         292    0.998141
         293    1.021102
         294    1.007184
         295    0.981124
         296    0.983744
         297    0.974165
         298    0.984646
         299    1.000479
         300    0.981209
         301    1.041273
         302    0.999465
         303    0.996338
         304    1.133709
         305    1.101620
         306    0.991210
         307    0.975461
         308    0.996676
         309    1.300775
         310    0.985519
         311    0.986731
         312    0.989322
         313    1.005212
         314    0.998394
         315    1.025412
         316    0.994196
         317    1.354134
         318    0.997042
         319    0.984223
         320    1.107705
         321    1.420623
         322    0.976476
         323    0.985294
         324    1.053388
         325    0.990872
         326    0.997126
         327    1.036625
         328    0.990196
         329    1.412396
         330    0.985547
         331    0.981321
         332    0.990055
         333    1.044288
         334    0.970897
         335    0.994985
         336    1.018200
         337    1.012565
         338    0.983998
         339    1.010339
         340    0.986139
         341    1.030540
         342    0.979490
         343    0.999493
         344    0.982026
         345    0.988731
         346    1.041611
         347    0.982167
         348    1.153430
         349    0.990393
         350    1.023665
         351    0.983124
         352    1.068798
         353    0.998281
         354    1.382589
         355    0.977067
         356    1.074123
         357    1.018256
         358    0.980504
         359    1.003888
         360    0.989266
         361    0.978279
         362    0.990787
         363    0.989858
         364    1.148612
         365    0.979406
         366    1.062347
         367    1.034484
         368    0.986252
         369    0.984449
         370    0.976419
         371    1.019383
         372    0.979997
         373    1.065981
         374    1.001183
         375    1.002395
         376    0.984420
         377    0.981068
         378    1.032117
         379    1.004536
         380    1.002536
         381    1.285984
         382    0.994619
         383    0.977011
         384    1.033920
         385    0.988393
         386    1.026116
         387    0.981124
         388    1.060262
         389    1.005268
         390    1.033272
         391    1.022059
         392    0.985519
         393    1.219693
         394    0.974109
         395    0.981659
         396    1.035160
         397    1.003353
         398    0.997295
         399    0.996985
         400    1.000310
         401    1.006536
         402    0.979293
         403    1.009410
         404    1.054374
         405    0.985857
         406    0.997014
         407    0.991041
         408    0.970221
         409    1.017693
         410    0.986054
         411    1.003634
         412    0.987745
         413    0.989886
         414    0.976560
         415    1.035216
         416    0.984392
         417    1.094379
         418    0.988167
         419    1.355966
         420    1.004339
         421    1.005663
         422    0.979828
         423    0.981096
         424    1.008621
         425    1.076940
         426    1.448796
         427    1.027553
         428    1.425046
         429    0.979349
         430    0.993182
         431    1.063051
         432    0.981688
         433    1.024764
         434    0.988336
         435    1.006508
         436    1.040907
         437    0.988505
         438    0.998479
         439    0.992872
         440    1.009635
         441    0.988815
         442    1.344048
         443    1.006114
         444    1.005775
         445    0.996056
         446    0.983462
         447    0.976307
         448    1.346500
         449    0.981434
         450    1.101564
         451    1.018651
         452    1.026821
         453    0.981857
         454    0.981265
         455    1.150472
         456    0.986815
         457    1.001550
         458    0.979744
         459    1.006367
         460    1.021242
         461    0.982702
         462    0.994309
         463    1.252007
         464    0.979180
         465    0.991576
         466    1.019073
         467    0.980166
         468    1.004480
         469    1.009973
         470    0.983434
         471    1.169827
         472    0.995182
         473    0.989435
         474    0.986054
         475    1.015749
         476    1.210593
         477    0.987942
         478    0.998225
         479    0.983857
         480    1.006705
         481    1.401634
         482    1.112382
         483    0.976757
         484    1.052768
         485    0.978898
         486    0.989491
         487    0.975715
         488    1.086435
         489    0.980504
         490    0.996816
         491    1.088350
         492    0.991464
         493    1.465108
         494    1.031864
         495    0.998591
         496    1.006226
         497    0.995295
         498    0.984110
         499    1.109649
         500    1.017157
         501    0.976926
         502    1.000254
         503    0.991435
         504    0.991773
         505    1.009861
         506    1.007635
         507    0.984082
         508    1.017298
         509    1.006733
         510    0.991717
         511    0.986252
         512    0.977772
         513    0.994281
         514    1.006621
         515    1.002620
         516    0.981011
         517    1.220933
         518    0.979631
         519    0.983378
         520    0.983265
         521    1.621468
         522    1.024595
         523    0.970869
         524    1.019946
         525    1.008846
         526    1.051782
         527    0.990590
         528    1.029638
         529    1.072207
         530    0.981321
         531    1.005578
         532    0.990393
         533    0.986731
         534    1.021496
         535    0.980166
         536    1.032737
         537    0.993295
         538    0.990337
         539    1.012452
         540    1.000113
         541    1.029131
         542    0.987604
         543    1.008987
         544    0.988787
         545    0.986759
         546    1.014763
         547    0.973236
         548    0.990168
         549    1.004339
         550    0.990111
         551    1.056797
         552    0.997633
         553    0.984618
         554    1.032145
         555    0.986421
         556    1.165995
         557    0.999577
         558    0.973517
         559    0.980955
         560    0.987463
         561    1.220454
         562    1.016030
         563    0.975799
         564    0.992168
         565    0.980842
         566    1.583068
         567    0.977574
         568    1.005353
         569    0.977941
         570    1.433385
         571    0.978391
         572    1.003212
         573    0.983265
         574    1.304578
         575    1.040090
         576    1.048683
         577    1.201296
         578    0.979377
         579    1.068601
         580    0.982645
         581    1.028877
         582    1.012678
         583    0.978955
         584    0.994957
         585    1.026511
         586    0.994309
         587    1.353402
         588    0.980814
         589    0.984984
         590    1.220200
         591    0.976307
         592    1.015185
         593    0.977067
         594    1.085787
         595    1.011579
         596    0.990449
         597    1.002676
         598    0.996112
         599    0.999746
         600    0.999944
         601    0.984139
         602    0.991830
         603    0.983406
         604    0.987350
         605    1.468489
         606    1.007691
         607    0.978081
         608    0.990111
         609    1.402085
         610    0.980871
         611    0.996591
         612    1.003747
         613    0.996168
         614    1.000986
         615    0.981688
         616    0.986223
         617    1.259530
         618    1.013326
         619    1.045161
         620    0.998394
         621    0.989153
         622    0.994873
         623    1.049218
         624    1.084603
         625    0.970390
         626    1.003944
         627    0.980645
         628    1.021299
         629    0.986956
         630    0.987491
         631    1.016340
         632    0.981096
         633    1.013748
         634    0.982871
         635    0.988505
         636    0.975602
         637    1.005944
         638    0.981913
         639    0.996901
         640    0.979237
         641    1.009720
         642    1.004113
         643    1.154782
         644    0.980927
         645    0.997352
         646    0.979884
         647    0.988872
         648    1.006283
         649    0.988477
         650    0.986533
         651    1.001352
         652    0.982336
         653    1.004170
         654    1.043105
         655    0.978673
         656    1.002479
         657    0.992591
         658    1.122862
         659    0.992562
         660    0.991999
         661    1.028398
         662    0.987548
         663    1.099197
         664    0.996056
         665    0.998760
         666    1.001606
         667    0.969404
         668    1.436090
         669    1.065361
         670    0.982533
         671    1.185463
         672    0.990590
         673    1.011720
         674    0.979913
         675    1.033723
         676    1.437498
         677    0.979377
         678    1.404367
         679    0.981209
         680    0.991886
         681    1.010649
         682    1.065868
         683    0.978307
         684    1.044880
         685    0.989942
         686    1.056374
         687    1.035273
         688    0.988984
         689    1.033554
         690    1.006423
         691    0.980448
         692    0.991351
         693    1.366615
         694    1.017129
         695    0.984674
         696    0.994056
         697    0.984843
         698    1.016059
         699    0.994732
         700    1.004733
         701    1.049415
         702    1.012143
         703    0.985125
         704    1.055444
         705    1.042231
         706    1.038935
         707    0.981152
         708    1.003719
         709    0.982223
         710    1.033864
         711    0.984956
         712    1.012565
         713    0.997972
         714    0.991689
         715    1.012199
         716    1.414734
         717    0.985857
         718    1.010762
         719    0.991097
         720    0.999352
         721    0.995211
         722    1.001380
         723    1.004677
         724    0.987322
         725    1.267221
         726    0.979039
         727    0.990111
         728    0.989041
         729    1.009607
         730    0.997577
         731    0.988534
         732    1.024989
         733    0.982448
         734    1.074039
         735    0.987069
         736    1.013213
         737    1.225384
         738    0.985209
         739    0.980532
         740    0.982927
         741    0.992281
         742    0.996873
         743    1.012396
         744    1.028765
         745    1.014227
         746    1.002282
         747    1.026511
         748    0.989773
         749    1.016622
         750    0.984477
         751    1.037019
         752    0.987491
         753    1.029075
         754    0.994506
         755    0.990590
         756    1.009692
         757    0.985519
         758    1.013664
         759    1.030906
         760    0.985125
         761    0.990675
         762    1.409748
         763    1.035723
         764    0.986702
         765    0.999296
         766    1.127455
         767    1.005297
         768    0.990928
         769    0.985801
         770    1.068235
         771    0.978701
         772    1.006649
         773    1.061473
         774    0.980842
         775    1.022088
         776    0.996253
         777    0.982251
         778    0.998422
         779    1.064657
         780    0.977405
         781    1.038174
         782    1.009720
         783    1.046823
         784    0.979349
         785    0.981209
         786    0.984308
         787    0.993182
         788    1.203691
         789    0.981265
         790    0.987604
         791    1.279307
         792    1.260093
         793    1.111762
         794    0.991492
         795    0.984674
         796    1.016791
         797    0.988139
         798    1.006508
         799    1.067897
         800    0.997577
         801    0.980532
         802    0.978842
         803    1.026116
         804    1.008987
         805    0.979546
         806    1.091675
         807    0.980476
         808    0.991689
         809    0.999944
         810    1.169883
         811    1.031244
         812    0.997549
         813    0.983716
         814    0.986308
         815    1.006902
         816    1.105592
         817    1.347542
         818    1.067136
         819    0.983012
         820    0.991069
         821    1.014030
         822    1.020031
         823    1.009269
         824    0.988900
         825    0.993126
         826    0.985209
         827    1.005550
         828    1.008142
         829    1.044570
         830    0.998450
         831    0.989970
         832    0.980589
         833    1.037667
         834    0.999352
         835    0.999746
         836    1.050993
         837    0.994253
         838    0.998141
         839    0.988196
         840    0.998958
         841    0.981293
         842    0.997211
         843    1.014594
         844    0.982786
         845    0.993971
         846    0.988505
         847    1.060910
         848    0.989041
         849    0.984984
         850    0.999803
         851    0.982702
         852    1.002282
         853    1.002761
         854    0.988731
         855    1.007550
         856    0.993098
         857    0.993126
         858    0.993210
         859    1.034596
         860    0.980899
         861    0.982026
         862    1.010537
         863    1.487308
         864    1.011044
         865    1.000563
         866    1.019721
         867    1.016228
         868    1.106325
         869    1.056487
         870    0.981152
         871    0.976616
         872    1.439837
         873    0.980110
         874    0.995690
         875    0.996535
         876    1.003099
         877    1.012847
         878    0.994196
         879    1.000563
         880    0.985829
         881    0.980448
         882    0.991379
         883    1.326666
         884    0.981547
         885    0.990647
         886    1.041696
         887    0.984082
         888    1.029948
         889    0.998338
         890    1.007128
         891    1.114439
         892    0.994703
         893    0.986646
         894    0.988562
         895    0.997718
         896    0.973405
         897    1.042062
         898    1.021975
         899    1.105254
         900    1.029244
         901    1.042907
         902    1.024567
         903    1.090914
         904    1.065643
         905    1.012452
         906    1.133230
         907    1.088858
         908    1.188787
         909    1.051190
         910    1.055783
         911    1.130187
         912    1.037526
         913    1.018707
         914    1.099338
         915    1.264037
         916    1.043161
         917    1.027469
         918    1.099338
         919    1.043020
         920    1.039104
         921    1.257642
         922    1.010255
         923    1.044316
         924    1.004113
         925    1.058008
         926    1.175405
         927    1.036259
         928    1.032427
         929    1.013467
         930    1.001240
         931    1.016707
         932    0.986083
         933    1.214960
         934    0.983040
         935    1.393013
         936    0.981828
         937    1.455670
         938    0.989830
         939    1.065474
         940    1.039921
         941    1.005691
         942    1.017664
         943    0.988787
         944    1.341682
         945    1.270123
         946    0.983378
         947    0.981152
         948    1.005381
         949    0.987914
         950    1.004085
         951    1.018397
         952    1.006029
         953    0.987407
         954    0.985266
         955    1.008621
         956    0.986026
         957    1.133146
         958    0.997239
         959    0.989463
         960    1.019045
         961    0.976391
         962    0.986308
         963    1.007832
         964    0.982899
         965    1.021242
         966    0.979715
         967    1.051444
         968    0.989970
         969    0.993238
         970    0.990985
         971    0.988703
         972    0.997324
         973    1.348049
         974    0.981941
         975    1.031751
         976    1.005522
         977    1.012650
         978    0.974025
         979    0.997211
         980    1.011185
         981    1.155092
         982    1.004395
         983    1.057924
         984    1.262150
         985    0.994140
         986    1.365460
         987    0.978983
         988    1.388956
         989    0.981519
