         IDXOptimization
           0   -1.719774
           1   -1.719774
           2   -1.719774
           3   -1.719774
           4   -1.719774
           5   -1.719774
           6   -1.510360
           7   -1.510360
           8   -1.510360
           9   -1.510360
          10   -1.510360
          11   -1.510360
          12   -1.510360
          13   -1.510360
          14   -1.510360
          15   -1.510360
          16   -1.510360
          17   -1.510360
          18   -1.510360
          19   -1.510360
          20   -1.510360
          21   -1.510360
          22   -1.510360
          23   -1.510360
          24   -1.510360
          25   -1.510360
          26   -1.510360
          27   -1.510360
          28   -1.510360
          29   -1.510360
          30   -1.510360
          31   -1.510360
          32   -1.510360
          33   -1.510360
          34   -1.510360
          35   -1.510360
          36   -1.510360
          37   -1.510360
          38   -1.510360
          39   -1.510360
          40   -1.510360
          41   -1.510360
          42   -1.510360
          43   -1.510360
          44   -1.510360
          45   -1.510360
          46   -1.510360
          47   -1.510360
          48   -1.510360
          49   -1.510360
          50   -1.510360
          51   -1.510360
          52   -1.510360
          53   -1.510360
          54   -1.510360
          55   -1.510360
          56   -1.510360
          57   -1.510360
          58   -1.510360
          59   -1.510360
          60   -1.510360
          61   -1.510360
          62   -1.510360
          63   -1.510360
          64   -1.510360
          65   -1.510360
          66   -1.510360
          67   -1.510360
          68   -1.510360
          69   -1.510360
          70   -1.510360
          71   -1.510360
          72   -1.510360
          73   -1.510360
          74   -1.510360
          75   -1.510360
          76   -1.510360
          77   -1.510360
          78   -1.510360
          79   -1.510360
          80   -1.510360
          81   -1.510360
          82   -1.510360
          83   -1.510360
          84   -1.510360
          85   -1.510360
          86   -1.510360
          87   -1.510360
          88   -1.510360
          89   -1.510360
          90   -1.510360
          91   -1.510360
          92   -1.510360
          93   -1.510360
          94   -1.510360
          95   -1.510360
          96   -1.510360
          97   -1.510360
          98   -1.510360
          99   -1.510360
         100   -1.510360
         101   -1.510360
         102   -1.510360
         103   -1.510360
         104   -1.510360
         105   -1.510360
         106   -1.510360
         107   -1.510360
         108   -1.510360
         109   -1.510360
         110   -1.510360
         111   -1.510360
         112   -1.510360
         113   -1.510360
         114   -1.510360
         115   -1.510360
         116   -1.510360
         117   -1.510360
         118   -1.510360
         119   -1.510360
         120   -1.510360
         121   -1.510360
         122   -1.510360
         123   -1.510360
         124   -1.510360
         125   -1.510360
         126   -1.510360
         127   -1.510360
         128   -1.510360
         129   -1.510360
         130   -1.510360
         131   -1.510360
         132   -1.510360
         133   -1.510360
         134   -1.510360
         135   -1.510360
         136   -1.510360
         137   -1.510360
         138   -1.510360
         139   -1.510360
         140   -1.510360
         141   -1.510360
         142   -1.510360
         143   -1.510360
         144   -1.493766
         145   -1.493766
         146   -1.493766
         147   -1.493766
         148   -1.493766
         149   -1.493766
         150   -1.493766
         151   -1.493766
         152   -1.493766
         153   -1.493766
         154   -1.493766
         155   -1.493766
         156   -1.493766
         157   -1.493766
         158   -1.493766
         159   -1.493766
         160   -1.493766
         161   -1.493766
         162   -1.493766
         163   -1.493766
         164   -1.493766
         165   -1.493766
         166   -1.493766
         167   -1.493766
         168   -1.493766
         169   -1.493766
         170   -1.493766
         171   -1.493766
         172   -1.493766
         173   -1.493766
         174   -1.493766
         175   -1.493766
         176   -1.493766
         177   -1.493766
         178   -1.493766
         179   -1.493766
         180   -1.493766
         181   -1.493766
         182   -1.493766
         183   -1.493766
         184   -1.493766
         185   -1.493766
         186   -1.493766
         187   -1.493766
         188   -1.493766
         189   -1.493766
         190   -1.493766
         191   -1.493766
         192   -1.493766
         193   -1.493766
         194   -1.493766
         195   -1.493766
         196   -1.493766
         197   -1.493766
         198   -1.493766
         199   -1.493766
