         IDX  CYCLES_DEG
           0    1.105073
           1    1.032410
           2    1.038878
           3    1.080506
           4    1.038329
           5    1.033909
           6    1.022180
           7    1.025664
           8    1.032028
           9    1.019385
          10    1.036763
          11    1.023833
          12    1.017135
          13    1.038205
          14    1.014411
          15    1.025840
          16    1.025366
          17    1.051478
          18    1.033474
          19    1.015406
          20    1.012478
          21    1.012020
          22    1.009689
          23    1.016983
          24    1.004211
          25    1.008568
          26    1.014680
          27    0.998649
          28    1.004140
          29    1.008416
          30    1.019609
          31    1.009483
          32    1.018240
          33    1.017940
          34    1.014257
          35    1.017723
          36    1.015719
          37    1.007465
          38    1.016285
          39    1.014850
          40    1.010269
          41    1.032519
          42    1.012884
          43    1.015130
          44    1.496757
          45    1.008112
          46    1.007261
          47    1.015947
          48    1.011218
          49    1.010452
          50    1.008944
          51    1.013045
          52    1.015907
          53    1.005035
          54    1.008794
          55    1.009524
          56    1.002415
          57    1.013531
          58    1.020903
          59    1.015102
          60    1.003834
          61    1.007849
          62    1.007565
          63    1.007791
          64    1.003601
          65    1.012176
          66    1.008451
          67    1.009090
          68    1.007083
          69    1.017111
          70    1.008141
          71    1.012161
          72    1.006525
          73    1.008625
          74    0.999750
          75    1.004324
          76    1.011511
          77    1.001748
          78    1.008358
          79    1.004772
          80    1.027054
          81    1.012328
          82    1.009420
          83    1.005997
          84    1.007187
          85    1.017452
          86    1.002522
          87    1.004767
          88    1.011383
          89    1.008681
          90    1.009622
          91    1.009446
          92    1.013147
          93    1.003443
          94    1.002079
          95    0.998855
          96    0.999133
          97    0.996008
          98    0.998990
          99    1.002669
         100    0.997937
         101    1.001329
         102    0.997578
         103    0.999672
         104    1.005171
         105    0.998647
         106    1.007191
         107    1.012493
         108    1.005819
         109    1.007550
         110    1.001308
         111    0.995352
         112    1.000050
         113    0.997350
         114    1.012647
         115    1.003755
         116    0.994957
         117    1.479234
         118    1.011427
         119    0.992059
         120    0.992353
         121    0.998968
         122    0.997748
         123    0.992151
         124    0.997413
         125    0.993256
         126    0.987652
         127    0.998152
         128    0.997268
         129    0.991540
         130    1.000443
         131    0.990702
         132    0.990287
         133    0.996838
         134    0.999359
         135    0.994149
         136    0.996388
         137    0.989299
         138    0.997200
         139    0.992418
         140    0.992429
         141    0.999333
         142    0.994566
         143    0.990235
         144    0.993362
         145    1.001297
         146    0.997027
         147    0.994898
         148    1.000634
         149    0.991306
         150    0.998545
         151    1.000447
         152    0.992181
         153    0.994726
         154    1.002333
         155    1.032182
         156    1.000050
         157    0.992207
         158    0.991447
         159    0.998371
         160    0.999188
         161    0.992856
         162    0.994042
         163    0.995543
         164    0.995671
         165    0.993232
         166    0.994140
         167    0.992431
         168    0.995973
         169    0.998760
         170    0.993171
         171    0.997674
         172    1.002915
         173    0.997997
         174    0.990361
         175    1.006103
         176    0.995521
         177    0.993423
         178    1.000593
         179    1.015139
         180    1.014146
         181    1.000109
         182    0.998382
         183    0.994094
         184    0.996093
         185    0.995882
         186    1.004876
         187    0.996021
         188    1.017354
         189    0.999179
         190    1.484890
         191    0.992878
         192    0.996777
         193    0.996683
         194    0.991558
         195    0.988853
         196    0.996368
         197    0.997020
         198    1.001507
         199    0.995656
         200    0.994494
         201    0.998712
         202    0.995107
         203    0.996408
         204    1.005085
         205    1.007700
         206    1.011627
         207    0.996340
         208    1.003067
         209    0.997446
         210    0.996673
         211    0.990765
         212    0.999891
         213    1.001466
         214    1.003069
         215    1.013054
         216    0.990715
         217    0.992852
         218    0.996136
         219    1.004337
         220    0.995235
         221    1.004555
         222    0.992930
         223    0.994557
         224    1.003160
         225    0.998356
         226    0.991558
         227    0.995484
         228    1.000213
         229    0.992696
         230    0.999774
         231    1.025581
         232    0.986647
         233    0.984125
         234    0.994081
         235    0.995858
         236    0.992344
         237    0.992572
         238    0.995921
         239    0.990891
         240    1.001807
         241    0.989842
         242    1.000434
         243    0.996221
         244    1.009507
         245    0.993703
         246    0.989116
         247    0.990241
         248    0.989088
         249    0.996681
         250    0.996036
         251    0.985450
         252    0.995508
         253    0.994040
         254    0.995710
         255    0.999993
         256    1.000313
         257    1.002178
         258    0.993032
         259    0.999109
         260    0.989913
         261    0.992489
         262    0.998606
         263    1.471801
         264    1.005228
         265    0.996012
         266    0.998758
         267    1.006866
         268    0.999318
         269    1.000573
         270    1.004996
         271    1.005982
         272    1.003894
         273    0.994429
         274    1.002417
         275    1.006392
         276    1.001442
         277    1.010488
         278    1.005610
         279    1.005482
         280    1.006105
         281    1.005877
         282    1.017517
         283    1.004394
         284    1.005334
         285    0.998684
         286    0.996136
         287    1.002739
         288    0.997174
         289    1.009739
         290    1.001833
         291    0.994466
         292    0.996479
         293    0.995906
         294    0.991612
         295    0.994915
         296    1.001592
         297    0.989509
         298    0.997828
         299    1.005730
         300    1.003959
         301    0.990615
         302    1.001546
         303    0.995085
         304    1.019456
         305    1.002784
         306    0.998766
         307    0.993595
         308    0.999542
         309    1.039512
         310    0.990739
         311    0.991141
         312    0.998432
         313    1.000693
         314    0.991744
         315    0.987833
         316    0.986831
         317    0.991414
         318    0.992124
         319    0.989525
         320    0.992852
         321    1.008855
         322    0.984738
         323    0.993862
         324    0.982361
         325    0.986243
         326    0.984479
         327    0.991023
         328    0.992413
         329    0.991594
         330    0.998560
         331    0.992531
         332    0.993208
         333    0.990819
         334    0.990133
         335    0.991516
         336    1.470885
         337    0.990730
         338    0.997732
         339    0.988471
         340    0.989527
         341    1.008169
         342    1.001043
         343    0.992357
         344    1.004092
         345    0.992961
         346    0.994642
         347    0.985852
         348    0.986501
         349    1.003182
         350    0.990278
         351    1.003514
         352    0.993580
         353    0.991130
         354    0.998360
         355    0.993202
         356    0.991440
         357    0.994060
         358    1.006507
         359    1.000169
         360    0.990569
         361    1.003112
         362    0.995345
         363    0.997048
         364    0.996067
         365    0.994963
         366    0.999257
         367    0.999761
         368    0.995756
         369    0.997057
         370    1.001883
         371    0.999752
         372    1.029163
         373    1.000767
         374    0.995198
         375    0.991946
         376    0.987025
         377    1.000571
         378    0.996247
         379    1.010469
         380    0.996382
         381    1.003695
         382    1.018536
         383    1.000547
         384    0.994251
         385    0.995689
         386    0.998315
         387    0.989472
         388    0.997185
         389    0.992513
         390    0.998464
         391    0.998089
         392    1.000545
         393    0.992854
         394    0.992350
         395    0.993200
         396    1.006066
         397    0.996208
         398    1.006099
         399    1.006959
         400    1.004704
         401    0.999770
         402    1.000958
         403    0.999318
         404    1.007111
         405    1.002721
         406    1.004561
         407    1.008099
         408    1.009370
         409    1.488873
         410    1.000808
         411    0.993971
         412    1.006294
         413    0.998501
         414    1.007971
         415    0.998831
         416    1.001184
         417    1.001540
         418    0.999450
         419    1.006648
         420    1.001705
         421    1.011207
         422    1.014044
         423    1.002817
         424    1.008944
         425    1.000582
         426    0.997094
         427    0.993291
         428    0.996188
         429    0.994349
         430    0.997083
         431    1.000767
         432    0.991966
         433    0.998021
         434    0.990965
         435    0.993601
         436    0.995576
         437    0.992637
         438    0.997359
         439    0.989092
         440    0.994724
         441    0.987450
         442    1.000904
         443    0.996490
         444    0.993895
         445    0.993475
         446    0.996288
         447    0.991162
         448    1.002235
         449    0.999998
         450    0.995052
         451    0.995104
         452    0.991382
         453    0.988454
         454    0.993291
         455    0.995823
         456    1.000341
         457    0.985515
         458    0.992396
         459    0.990293
         460    1.011726
         461    1.032747
         462    1.002433
         463    0.992429
         464    0.986212
         465    0.990645
         466    0.999850
         467    1.007089
         468    0.990102
         469    0.993528
         470    0.997467
         471    0.994848
         472    0.997222
         473    0.999618
         474    1.016540
         475    0.994107
         476    0.988717
         477    0.989429
         478    0.998966
         479    0.995610
         480    0.992074
         481    0.989670
         482    1.471486
         483    0.987170
         484    0.992872
         485    0.994605
         486    0.990695
         487    1.000754
         488    1.008319
         489    0.997187
         490    1.001540
         491    0.995582
         492    1.013023
         493    1.000801
         494    0.990070
         495    0.995087
         496    0.998260
         497    0.999086
         498    0.997952
         499    1.001010
         500    1.003238
         501    0.999944
         502    0.998460
         503    0.996955
         504    0.997183
         505    0.995461
         506    0.994859
         507    0.992159
         508    0.994366
         509    0.994157
         510    0.998632
         511    0.997904
         512    1.001618
         513    0.996646
         514    0.995137
         515    0.990769
         516    1.003910
         517    0.992817
         518    0.996846
         519    0.998664
         520    1.011579
         521    0.990322
         522    0.996618
         523    0.996303
         524    1.000083
         525    0.999318
         526    0.995039
         527    0.991688
         528    0.986910
         529    1.000569
         530    0.997830
         531    0.997856
         532    0.992485
         533    1.000226
         534    0.990348
         535    0.994896
         536    0.993612
         537    0.998925
         538    1.003006
         539    1.001948
         540    0.996075
         541    0.996184
         542    1.029439
         543    0.991078
         544    0.991088
         545    0.995393
         546    0.995044
         547    0.998399
         548    1.002876
         549    1.003238
         550    1.004494
         551    1.014072
         552    0.996334
         553    1.001837
         554    0.996486
         555    1.499242
         556    0.992494
         557    0.998417
         558    0.995834
         559    0.994275
         560    0.991060
         561    0.986065
         562    1.000606
         563    0.995274
         564    0.995997
         565    0.994889
         566    0.995904
         567    0.992900
         568    0.995415
         569    0.999016
         570    0.999466
         571    0.992596
         572    0.999668
         573    0.998267
         574    1.021294
         575    1.008158
         576    1.001334
         577    1.004698
         578    1.007915
         579    1.007430
         580    1.003477
         581    1.012667
         582    1.003028
         583    0.998634
         584    1.006492
         585    0.999900
         586    0.994301
         587    0.994294
         588    0.998000
         589    0.999846
         590    1.000269
         591    0.993332
         592    0.992700
         593    0.994079
         594    0.995018
         595    1.007361
         596    0.986586
         597    0.990091
         598    1.018955
         599    0.991508
         600    0.999718
         601    0.998319
         602    0.992339
         603    0.996093
         604    0.993048
         605    0.997648
         606    1.000421
         607    0.988350
         608    0.997083
         609    0.985283
         610    0.997596
         611    0.987422
         612    0.987691
         613    1.006316
         614    0.991353
         615    0.998132
         616    1.000096
         617    0.995732
         618    0.998071
         619    0.994003
         620    0.984714
         621    0.991972
         622    0.993252
         623    0.994779
         624    1.006297
         625    1.001125
         626    0.985943
         627    0.995845
         628    1.471767
         629    1.005017
         630    0.988406
         631    0.999164
         632    0.993488
         633    0.997589
         634    0.996032
         635    0.998384
         636    0.995778
         637    1.008592
         638    0.997687
         639    1.006855
         640    1.002546
         641    0.997172
         642    0.998736
         643    0.997509
         644    0.999194
         645    0.994881
         646    1.023112
         647    0.995704
         648    0.998608
         649    0.998497
         650    1.001494
         651    1.001546
         652    1.003801
         653    1.004722
         654    0.997752
         655    1.002517
         656    0.996236
         657    1.013151
         658    0.992596
         659    1.002159
         660    1.003395
         661    1.009943
         662    1.004896
         663    0.996458
         664    1.002969
         665    1.002411
         666    0.999911
         667    1.005373
         668    1.008006
         669    1.001766
         670    1.009248
         671    1.012967
         672    1.003755
         673    0.993432
         674    1.005877
         675    1.007387
         676    1.004587
         677    1.011789
         678    1.003375
         679    1.009576
         680    1.006859
         681    1.000428
         682    1.001325
         683    1.004576
         684    0.995176
         685    1.005782
         686    0.992459
         687    1.003634
         688    0.995921
         689    1.007057
         690    1.003047
         691    0.994418
         692    1.000085
         693    0.999120
         694    1.006068
         695    1.000654
         696    0.998128
         697    1.005297
         698    0.998616
         699    0.998736
         700    0.998089
         701    1.479108
         702    0.991836
         703    0.994390
         704    0.996023
         705    0.994824
         706    0.992172
         707    0.989648
         708    0.989996
         709    1.006190
         710    0.990680
         711    0.992733
         712    0.985580
         713    0.987972
         714    0.989207
         715    0.988499
         716    0.986484
         717    0.991540
         718    0.992800
         719    0.996729
         720    1.002026
         721    1.001844
         722    1.002756
         723    0.998834
         724    1.021214
         725    1.001288
         726    1.011142
         727    1.000213
         728    1.003786
         729    0.997713
         730    0.993860
         731    0.991859
         732    1.000730
         733    0.996212
         734    1.010004
         735    0.997845
         736    0.992409
         737    0.990734
         738    0.987826
         739    0.996616
         740    0.996175
         741    0.995904
         742    0.993515
         743    0.987663
         744    0.991944
         745    0.990771
         746    0.995089
         747    0.993260
         748    0.994683
         749    0.989451
         750    0.992974
         751    0.995172
         752    1.009707
         753    1.030025
         754    0.991271
         755    1.000630
         756    0.999894
         757    0.996345
         758    0.998454
         759    1.000048
         760    0.998760
         761    0.999051
         762    1.022332
         763    1.002648
         764    0.998734
         765    1.001427
         766    1.001855
         767    0.989353
         768    0.994273
         769    0.997459
         770    0.990341
         771    0.996073
         772    0.993050
         773    0.993030
         774    1.466832
         775    0.998823
         776    0.996896
         777    0.998456
         778    0.994320
         779    1.003751
         780    0.990608
         781    0.993992
         782    0.993766
         783    0.990619
         784    0.994086
         785    1.008386
         786    1.001779
         787    0.996818
         788    0.999366
         789    1.003262
         790    1.003538
         791    0.998095
         792    0.991894
         793    1.015184
         794    0.987906
         795    0.992366
         796    0.997902
         797    1.001594
         798    1.005921
         799    1.003923
         800    0.998816
         801    1.002185
         802    1.010271
         803    0.995888
         804    1.000862
         805    0.998575
         806    1.002389
         807    0.996831
         808    0.999603
         809    0.988964
         810    0.995530
         811    0.997218
         812    1.003649
         813    0.998406
         814    0.999759
         815    0.990815
         816    1.000017
         817    0.990771
         818    0.999765
         819    0.998347
         820    1.000791
         821    0.996134
         822    0.999791
         823    1.005432
         824    0.994125
         825    0.991649
         826    0.994896
         827    0.995185
         828    1.001646
         829    0.991145
         830    0.995845
         831    1.008119
         832    0.996924
         833    0.998536
         834    0.993736
         835    0.997900
         836    0.990567
         837    0.990141
         838    1.006681
         839    0.988423
         840    0.989559
         841    0.993336
         842    0.988897
         843    1.010560
         844    0.990048
         845    0.994918
         846    0.993808
         847    1.472292
         848    0.998675
         849    1.015052
         850    0.997563
         851    0.998847
         852    1.000404
         853    0.995747
         854    0.993890
         855    1.004674
         856    0.995734
         857    0.995784
         858    0.995441
         859    0.998888
         860    0.994787
         861    0.993856
         862    0.992750
         863    0.997869
         864    0.998666
         865    0.991497
         866    0.992648
         867    0.990558
         868    0.984514
         869    0.986894
         870    0.989427
         871    0.993297
         872    1.003679
         873    0.995967
         874    0.997754
         875    1.001599
         876    1.001147
         877    1.000374
         878    1.000467
         879    1.012576
         880    0.997131
         881    0.999159
         882    1.002044
         883    0.997841
         884    0.999507
         885    0.997963
         886    1.001169
         887    0.991325
         888    0.992637
         889    0.992902
         890    0.990280
         891    0.996401
         892    1.002778
         893    0.996835
         894    1.004650
         895    0.995020
         896    1.008015
         897    1.019533
         898    1.009096
         899    1.014298
         900    1.006942
         901    1.004116
         902    1.007324
         903    1.006014
         904    0.998521
         905    1.000602
         906    1.004246
         907    1.011355
         908    0.995663
         909    0.996846
         910    1.007804
         911    1.007335
         912    1.003810
         913    1.000830
         914    1.006970
         915    1.001827
         916    1.001281
         917    1.009461
         918    1.003277
         919    1.002083
         920    1.477631
         921    1.010171
         922    1.004201
         923    0.999550
         924    0.999305
         925    0.992698
         926    0.994127
         927    0.999281
         928    1.003959
         929    0.999844
         930    1.003110
         931    1.001468
         932    0.994475
         933    0.998590
         934    0.999073
         935    1.002322
         936    1.000604
         937    1.003262
         938    1.003818
         939    1.005619
         940    0.995139
         941    1.003571
         942    0.994609
         943    1.006918
         944    1.001171
         945    1.001281
         946    1.003705
         947    0.999424
         948    1.011544
         949    0.994238
         950    1.000313
         951    0.993847
         952    1.003579
         953    0.991836
         954    0.995183
         955    0.998799
         956    0.995932
         957    1.003792
         958    0.994307
         959    0.995554
         960    1.002476
         961    0.999689
         962    0.995719
         963    0.998304
         964    0.995869
         965    1.002066
         966    1.007876
         967    0.996935
         968    1.005745
         969    1.008110
         970    0.996090
         971    1.009279
         972    1.019317
         973    1.005871
         974    1.003073
         975    1.004883
         976    0.999731
         977    1.007009
         978    1.004109
         979    1.012960
         980    1.008527
         981    1.021088
         982    0.993393
         983    0.994607
         984    0.993515
         985    1.000152
         986    0.991946
         987    0.997381
         988    0.999759
         989    1.004824
