         IDX  CYCLES_DEG
           0    1.418483
           1    0.994600
           2    1.035112
           3    1.048059
           4    0.988946
           5    1.041783
           6    0.987335
           7    0.984564
           8    1.425324
           9    1.028949
          10    0.988042
          11    1.372770
          12    0.999491
          13    0.979052
          14    0.982190
          15    1.365307
          16    1.257513
          17    0.978599
          18    1.019987
          19    1.014559
          20    0.986063
          21    1.013004
          22    0.988324
          23    1.368530
          24    0.990021
          25    0.997456
          26    0.986204
          27    0.994120
          28    0.997795
          29    1.006474
          30    0.980098
          31    1.031889
          32    1.006446
          33    1.024482
          34    1.018376
          35    0.994205
          36    0.989201
          37    0.984197
          38    0.988155
          39    1.024708
          40    1.008142
          41    1.118508
          42    0.979306
          43    0.980635
          44    1.004721
          45    0.992876
          46    0.979363
          47    0.996042
          48    1.031776
          49    0.999406
          50    1.000057
          51    0.991434
          52    1.055155
          53    0.987589
          54    0.981935
          55    1.010743
          56    0.988155
          57    0.993978
          58    1.004523
          59    1.074153
          60    0.999152
          61    0.983405
          62    1.022022
          63    1.272072
          64    0.985554
          65    0.989116
          66    1.025330
          67    1.068046
          68    1.087553
          69    0.988268
          70    1.029853
          71    1.003081
          72    0.992056
          73    1.031889
          74    0.989257
          75    1.064371
          76    1.005739
          77    0.989794
          78    0.995929
          79    0.989625
          80    1.446612
          81    0.986232
          82    1.003449
          83    1.002686
          84    1.013796
          85    0.984451
          86    1.016990
          87    0.991208
          88    0.985639
          89    1.030023
          90    1.017047
          91    0.996890
          92    1.095949
          93    0.975320
          94    0.983010
          95    0.993385
          96    1.036666
          97    1.026715
          98    0.994148
          99    0.986628
         100    1.028581
         101    1.012665
         102    0.988494
         103    0.982331
         104    1.014163
         105    0.987307
         106    0.995364
         107    1.336528
         108    1.046928
         109    1.010516
         110    0.984367
         111    0.997569
         112    0.992508
         113    0.984169
         114    0.976423
         115    1.420123
         116    1.018008
         117    1.036582
         118    0.975405
         119    1.014333
         120    1.033387
         121    0.982699
         122    0.989766
         123    0.983575
         124    1.402708
         125    0.984621
         126    0.993696
         127    0.983151
         128    0.997371
         129    1.003477
         130    1.000735
         131    0.992735
         132    1.028807
         133    0.976649
         134    0.993441
         135    1.011562
         136    0.988579
         137    0.996410
         138    1.018517
         139    1.034772
         140    1.031606
         141    0.984706
         142    1.215023
         143    1.215192
         144    0.985865
         145    1.008566
         146    1.196110
         147    1.005739
         148    0.986996
         149    1.116812
         150    0.980946
         151    1.125519
         152    1.015407
         153    1.037967
         154    0.980098
         155    1.006022
         156    0.993554
         157    1.007605
         158    1.425522
         159    1.018121
         160    0.988692
         161    1.070053
         162    0.999406
         163    1.005767
         164    0.986006
         165    1.343482
         166    0.982812
         167    0.989116
         168    0.984762
         169    0.989059
         170    1.176349
         171    1.006587
         172    1.030786
         173    1.353377
         174    0.995759
         175    1.303904
         176    0.978995
         177    0.982020
         178    1.033133
         179    0.991547
         180    1.011478
         181    1.001640
         182    0.984989
         183    1.319029
         184    0.982416
         185    1.150482
         186    0.991010
         187    0.990388
         188    1.008679
         189    0.992311
         190    1.011987
         191    1.228790
         192    0.993385
         193    0.996070
         194    0.989173
         195    1.018715
         196    0.993215
         197    0.989766
         198    1.019874
         199    0.986911
         200    1.010008
         201    1.027055
         202    1.169904
         203    0.985582
         204    0.997173
         205    1.400842
         206    0.974444
         207    1.005739
         208    0.985441
         209    0.989088
         210    1.009810
         211    1.446640
         212    0.988607
         213    0.981427
         214    1.015068
         215    0.999435
         216    1.241144
         217    1.028666
         218    0.991745
         219    0.997767
         220    1.011930
         221    1.074407
         222    0.982331
         223    1.181749
         224    1.015096
         225    0.997173
         226    0.987702
         227    1.443728
         228    0.982529
         229    1.289939
         230    0.994007
         231    1.306194
         232    1.011506
         233    1.067113
         234    0.990445
         235    1.170865
         236    0.981285
         237    0.997823
         238    0.992226
         239    1.029514
         240    1.011647
         241    1.028242
         242    1.079354
         243    0.997965
         244    1.024623
         245    1.219292
         246    0.992678
         247    1.024171
         248    1.000113
         249    0.985073
         250    1.229780
         251    1.219829
         252    0.983264
         253    1.001300
         254    0.997795
         255    0.990360
         256    1.003732
         257    1.025669
         258    1.028298
         259    1.335312
         260    0.992593
         261    0.991067
         262    0.999237
         263    1.002120
         264    1.041896
         265    0.979363
         266    1.015096
         267    1.000650
         268    1.053289
         269    0.999208
         270    1.056145
         271    1.014700
         272    1.402793
         273    1.022955
         274    1.294377
         275    1.000735
         276    0.993130
         277    0.998134
         278    1.011506
         279    1.054618
         280    1.374721
         281    1.003308
         282    0.995562
         283    1.000594
         284    0.981596
         285    1.441382
         286    0.987759
         287    0.989088
         288    0.984762
         289    0.990925
         290    0.984678
         291    1.011817
         292    0.989399
         293    1.132276
         294    0.978147
         295    0.985130
         296    1.013994
         297    0.996579
         298    1.003732
         299    0.996975
         300    0.997088
         301    1.000452
         302    0.993554
         303    1.004410
         304    1.068527
         305    0.987420
         306    0.984904
         307    1.191361
         308    0.999152
         309    0.981257
         310    1.057643
         311    0.996523
         312    1.035733
         313    0.992932
         314    0.993470
         315    0.989427
         316    1.038871
         317    1.016566
         318    0.986402
         319    1.000057
         320    0.993357
         321    0.988522
         322    1.084754
         323    1.012015
         324    0.988833
         325    1.203545
         326    1.095101
         327    1.007181
         328    1.037458
         329    0.994487
         330    0.988805
         331    1.174370
         332    1.056286
         333    1.005343
         334    0.990699
         335    1.000170
         336    1.009753
         337    0.997512
         338    1.004891
         339    1.075481
         340    0.989229
         341    0.983660
         342    1.115597
         343    0.971786
         344    1.273118
         345    0.979363
         346    1.001724
         347    1.268340
         348    0.982105
         349    1.013485
         350    1.485003
         351    0.996410
         352    1.031691
         353    1.031691
         354    1.020241
         355    1.024510
         356    0.985356
         357    1.029655
         358    0.984027
         359    0.990756
         360    0.984367
         361    1.024765
         362    0.986770
         363    1.053685
         364    0.986826
         365    0.985526
         366    1.048738
         367    0.994883
         368    0.997088
         369    1.016425
         370    0.985469
         371    0.999491
         372    0.978882
         373    1.004778
         374    0.985639
         375    1.412801
         376    1.064399
         377    0.997032
         378    1.001696
         379    1.400758
         380    0.987702
         381    1.036158
         382    1.053968
         383    0.983971
         384    0.997880
         385    1.005541
         386    0.994827
         387    1.049953
         388    1.043904
         389    1.073304
         390    0.986119
         391    0.991604
         392    1.033246
         393    0.998247
         394    1.001668
         395    1.001357
         396    0.988494
         397    1.021344
         398    1.023323
         399    1.233003
         400    0.978458
         401    1.282277
         402    1.011054
         403    1.050349
         404    0.983688
         405    1.010912
         406    1.151358
         407    1.029147
         408    0.993102
         409    1.005513
         410    1.013909
         411    1.127046
         412    0.981172
         413    0.986543
         414    0.985300
         415    1.000848
         416    0.999604
         417    1.018743
         418    0.984621
         419    0.999689
         420    0.999350
         421    0.985384
         422    0.979024
         423    1.024482
         424    0.992084
         425    0.987787
         426    1.508919
         427    1.005173
         428    1.379725
         429    1.027281
         430    1.013287
         431    1.002346
         432    0.987194
         433    1.031465
         434    1.435219
         435    0.981144
         436    1.007661
         437    1.010488
         438    1.027733
         439    0.988918
         440    0.997597
         441    1.012128
         442    0.994516
         443    0.992876
         444    1.352896
         445    0.986543
         446    0.992932
         447    1.018178
         448    0.997540
         449    0.971645
         450    1.035705
         451    0.971786
         452    1.013202
         453    0.980635
         454    1.028694
         455    0.977412
         456    1.006219
         457    1.020665
         458    1.000650
         459    1.001498
         460    0.983829
         461    1.127781
         462    0.984678
         463    1.011082
         464    1.007096
         465    0.987505
         466    1.002827
         467    0.997569
         468    1.010799
         469    0.987335
         470    1.007718
         471    1.267718
         472    0.987081
         473    0.981313
         474    0.988748
         475    0.973794
         476    1.046193
         477    0.995675
         478    1.049473
         479    0.990614
         480    1.416334
         481    0.984169
         482    1.392927
         483    1.006954
         484    0.988098
         485    0.975405
         486    1.380516
         487    0.989088
         488    1.005060
         489    0.987505
         490    1.003336
         491    0.989116
         492    1.005654
         493    0.990416
         494    1.000848
         495    0.988777
         496    0.998586
         497    1.220535
         498    0.993272
         499    1.017725
         500    1.013683
         501    0.994713
         502    0.991604
         503    0.989794
         504    1.015690
         505    1.001131
         506    1.006870
         507    1.078421
         508    1.028920
         509    1.009499
         510    1.008735
         511    1.015916
         512    0.997314
         513    1.050745
         514    1.050688
         515    0.982218
         516    1.007718
         517    1.013004
         518    1.104062
         519    0.994544
         520    1.010771
         521    0.998332
         522    1.055523
         523    0.994007
         524    1.022955
         525    0.991830
         526    0.973341
         527    1.013881
         528    1.425268
         529    0.989540
         530    1.261216
         531    1.071523
         532    0.984140
         533    1.002431
         534    0.978175
         535    1.413818
         536    0.989766
         537    0.991095
         538    0.993300
         539    1.010092
         540    1.068414
         541    0.983688
         542    0.986515
         543    0.986317
         544    0.990586
         545    0.996099
         546    1.053007
         547    1.057304
         548    0.983179
         549    1.264213
         550    1.009499
         551    1.019167
         552    1.021316
         553    0.988240
         554    0.995505
         555    1.024736
         556    1.009046
         557    0.996664
         558    1.025160
         559    1.407571
         560    0.985158
         561    1.038843
         562    1.428462
         563    1.030645
         564    1.027309
         565    0.987985
         566    0.983914
         567    1.304667
         568    0.997738
         569    1.310548
         570    0.984451
         571    0.995590
         572    0.984960
         573    0.983886
         574    1.021372
         575    0.986261
         576    1.011110
         577    1.013711
         578    1.116586
         579    0.982783
         580    0.987957
         581    0.986430
         582    1.119809
         583    1.009188
         584    1.001103
         585    0.996268
         586    1.367144
         587    0.981285
         588    1.006446
         589    0.993300
         590    1.024341
         591    1.057275
         592    0.996438
         593    1.045458
         594    0.989257
         595    1.048738
         596    0.988607
         597    0.998756
         598    1.022418
         599    0.970995
         600    1.018884
         601    1.085998
         602    1.006785
         603    1.037486
         604    1.439629
         605    0.999180
         606    1.024991
         607    1.010714
         608    0.988240
         609    0.991208
         610    0.991010
         611    0.991971
         612    1.390637
         613    0.982275
         614    0.994572
         615    0.973765
         616    0.998897
         617    1.253809
         618    1.030956
         619    0.985271
         620    1.443559
         621    0.983773
         622    1.032369
         623    0.975179
         624    0.997823
         625    1.005654
         626    1.016425
         627    1.010969
         628    0.991067
         629    0.993159
         630    1.013344
         631    1.002686
         632    1.123710
         633    1.004665
         634    0.983914
         635    1.278518
         636    1.024086
         637    0.981653
         638    1.012071
         639    0.996353
         640    0.984056
         641    1.013485
         642    1.150595
         643    0.986035
         644    1.006870
         645    0.980918
         646    1.175897
         647    1.006615
         648    0.988296
         649    1.132417
         650    0.981059
         651    1.045119
         652    1.002318
         653    1.179374
         654    1.046731
         655    1.306505
         656    0.969779
         657    1.174851
         658    0.992565
         659    1.444689
         660    1.149323
         661    0.984254
         662    1.186329
         663    0.986119
         664    1.033500
         665    0.987646
         666    1.300738
         667    1.012665
         668    1.030051
         669    0.982586
         670    0.993272
         671    0.985271
         672    0.999548
         673    1.171374
         674    1.042207
         675    0.987194
         676    1.033783
         677    0.985441
         678    1.021231
         679    0.991038
         680    1.093461
         681    0.988494
         682    1.011421
         683    0.998049
         684    1.004410
         685    1.002714
         686    1.007265
         687    1.025726
         688    1.592458
         689    1.007237
         690    1.389478
         691    0.979985
         692    1.017923
         693    1.012778
         694    0.993272
         695    1.291437
         696    0.981144
         697    1.255675
         698    1.041755
         699    0.984310
         700    1.043112
         701    1.020665
         702    0.986374
         703    0.986261
         704    1.015888
         705    1.196789
         706    0.998897
         707    1.008679
         708    0.995166
         709    1.184661
         710    1.096543
         711    0.983519
         712    1.009273
         713    1.401210
         714    0.984367
         715    1.103469
         716    1.120176
         717    0.982501
         718    1.069969
         719    1.042744
         720    1.000989
         721    0.980861
         722    0.985837
         723    0.985102
         724    0.996353
         725    0.993413
         726    1.003195
         727    1.052328
         728    0.990473
         729    1.007181
         730    1.264213
         731    0.985130
         732    1.199163
         733    1.019619
         734    1.005343
         735    1.026093
         736    0.995166
         737    1.023125
         738    0.990162
         739    1.006728
         740    0.984564
         741    0.991575
         742    0.988975
         743    1.040992
         744    1.008198
         745    0.978458
         746    0.974076
         747    0.988890
         748    0.983943
         749    1.057643
         750    0.984140
         751    0.999039
         752    0.990077
         753    1.004269
         754    0.985045
         755    1.057219
         756    0.986685
         757    1.009612
         758    0.989201
         759    1.028553
         760    0.988268
         761    0.988748
         762    0.991406
         763    1.012608
         764    1.024963
         765    1.003732
         766    1.005937
         767    1.012665
         768    1.077036
         769    0.983632
         770    1.233229
         771    0.985045
         772    1.047183
         773    0.994855
         774    1.377831
         775    0.983264
         776    1.003505
         777    1.088881
         778    0.997908
         779    1.086111
         780    0.998982
         781    1.017527
         782    0.978373
         783    0.993667
         784    1.240946
         785    0.981229
         786    1.048568
         787    0.980239
         788    0.989540
         789    1.406496
         790    0.986204
         791    1.011054
         792    1.028949
         793    1.083397
         794    1.002968
         795    0.983094
         796    1.042547
         797    1.381280
         798    1.333475
         799    0.986459
         800    1.014927
         801    0.998756
         802    1.027479
         803    1.066520
         804    1.002035
         805    0.996495
         806    1.001385
         807    0.983123
         808    1.428038
         809    0.988324
         810    1.018149
         811    1.058774
         812    0.986459
         813    0.982105
         814    1.043564
         815    1.005089
         816    0.972041
         817    1.002375
         818    0.996749
         819    0.991349
         820    1.004269
         821    0.992282
         822    0.994063
         823    0.999152
         824    0.990727
         825    0.989031
         826    1.058237
         827    1.007096
         828    1.011873
         829    0.993357
         830    0.985837
         831    0.996579
         832    1.095921
         833    1.003619
         834    0.989908
         835    1.002686
         836    1.015096
         837    1.023379
         838    0.978599
         839    1.006983
         840    0.988975
         841    1.012241
         842    0.982642
         843    1.001074
         844    1.019478
         845    1.051989
         846    1.007774
         847    1.015322
         848    0.997654
         849    0.992028
         850    1.002573
         851    1.131400
         852    1.013372
         853    0.994148
         854    0.989653
         855    0.988551
         856    0.991519
         857    1.046476
         858    1.214853
         859    0.984593
         860    0.985300
         861    1.018008
         862    0.974105
         863    1.026998
         864    1.132135
         865    0.983066
         866    0.981879
         867    0.991321
         868    1.005173
         869    1.008227
         870    1.003732
         871    1.095129
         872    0.985865
         873    1.007181
         874    1.002092
         875    1.030079
         876    0.992537
         877    1.027705
         878    1.039833
         879    1.027026
         880    0.979815
         881    1.001724
         882    0.991604
         883    0.990162
         884    0.989088
         885    0.980183
         886    0.997230
         887    1.015973
         888    0.989794
         889    1.080626
         890    1.010121
         891    0.985497
         892    1.015605
         893    1.385577
         894    0.990332
         895    1.216465
         896    0.990303
         897    1.164872
         898    0.996042
         899    0.976903
         900    1.049586
         901    1.255873
         902    0.994713
         903    1.009527
         904    0.984084
         905    1.084556
         906    1.155995
         907    0.970260
         908    1.017584
         909    1.415599
         910    1.006333
         911    0.990388
         912    1.045458
         913    0.997032
         914    1.067311
         915    1.013146
         916    1.007718
         917    1.019082
         918    0.980126
         919    1.061799
         920    0.988862
         921    0.982246
         922    0.991236
         923    1.012778
         924    1.065445
         925    0.982048
         926    0.993950
         927    1.090154
         928    1.017612
         929    1.479207
         930    1.039804
         931    0.983405
         932    1.420688
         933    1.021627
         934    0.986685
         935    1.214118
         936    1.037854
         937    1.002205
         938    1.002516
         939    0.982783
         940    1.017527
         941    0.983321
         942    0.985045
         943    0.985695
         944    1.016453
         945    1.477766
         946    1.392983
         947    0.988946
         948    0.990784
         949    0.995335
         950    1.012778
         951    0.982897
         952    1.016679
         953    0.983151
         954    0.989257
         955    0.995986
         956    1.000989
         957    1.012382
         958    1.005032
         959    0.992480
         960    1.006474
         961    0.988607
         962    1.027309
         963    1.127781
         964    0.989964
         965    1.038306
         966    1.056060
         967    0.970825
         968    1.021146
         969    1.045006
         970    0.987307
         971    1.205863
         972    0.989314
         973    1.118763
         974    0.983858
         975    1.019082
         976    0.991971
         977    1.001668
         978    1.001809
         979    1.018771
         980    1.072287
         981    0.987165
         982    1.003732
         983    0.992763
         984    1.081983
         985    1.004043
         986    0.989540
         987    1.157663
         988    1.036836
         989    1.040228
