         IDX      CYCLES      CYCLES      CYCLES      CYCLES      CYCLES      CYCLES      CYCLES      CYCLES      CYCLES      CYCLES
           0         780         780         780         780         780         780         780         780         780         780
           1         780         780         780         780         780         780         780         780         780         780
           2         780         780         780         780         780         780         780         780         780         780
           3         780         780         780         780         780         780         780         780         780         780
           4         780         780         780         780         780         780         780         780         780         780
           5         780         780         780         780         780         780         780         780         780         780
           6         780         780         780         780         780         780         780         780         780         780
           7         780         780         780         780         780         780         780         780         780         780
           8         780         780         780         780         780         794         780         780         780         780
           9         780         780         780         780         780         780         780         780         780         780
          10         780         780         780         780         780         780         780         780         780         780
          11         780         780         780         780         780         780         780         780         780         780
          12         780         780         780         780         780         780         780         780         780         794
          13         780         780         780         780         780         780         780         780         780         780
          14         780         780         780         780         780         780         780         794         794         780
          15         780         780         780         780         780         780         780         780         780         780
          16         780         780         794         780         780         780         780         780         780         780
          17         780         794         780         780         780         780         780         780         780         780
          18         794         780         780         780         780         780         780         780         780         780
          19         780         780         780         780         780         780         780         780         780         780
          20         780         780         780         780         780         780         780         780         780         780
          21         780         780         780         780         780         780         780         780         780         780
          22         780         780         780         780         780         780         780         780         780         780
          23         780         780         780         780         780         794         780         780         780         780
          24         780         780         780         780         780         780         780         780         780         780
          25         780         780         780         780         780         780         780         780         780         780
          26         780         780         780         780         780         780         780         780         780         780
          27         780         780         780         780         780         780         780         780         780         794
          28         780         780         780         780         780         780         780         780         780         780
          29         780         780         780         780         780         780         780         794         794         780
          30         780         780         780         780         780         780         780         780         780         780
          31         780         780         794         780         780         780         780         780         780         780
          32         780         794         780         780         780         780         780         780         780         780
          33         794         780         780         780         780         780         780         780         780         780
          34         780         780         780         780         780         780         780         780         780         780
          35         780         780         780         780         780         780         780         780         780         780
          36         780         780         780         780         780         780         780         780         780         780
          37         780         780         780         780         780         780         780         780         780         780
          38         780         780         780         780         780         794         780         780         780         780
          39         780         780         780         780         780         780         780         780         780         780
