         IDX         DEG      PARAM0      PARAM1      PARAM2
           0   10.000000           1           0           0
           1    7.302207           1           0           0
           2    7.561586           1           0           0
           3    7.929501           1           0           0
           4    8.253395           1           0           0
           5    8.530424           1           0           0
           6    8.762358           1           0           0
           7    8.957373           1           0           0
           8    9.123014           1           0           0
           9    9.265561           1           0           0
          10    9.389505           1           0           0
          11    9.498051           1           0           0
          12    9.593991           1           0           0
          13    9.677955           1           0           0
          14    9.753609           1           0           0
          15    9.822322           1           0           0
          16    9.883731           1           0           0
          17    9.939947           1           0           0
          18    9.991306           1           0           0
          19    9.953526           0          14           7
          20    9.952828           0          14           7
          21    9.952419           0          14           7
          22    9.951075           0          14           7
          23    9.949824           0          14           7
          24    9.949476           0          14           7
          25    9.948424           0          14           7
          26    9.948005           0          14           7
          27    9.947980           0          14           7
          28    9.947750           0          14           7
          29    9.946204           0          14           7
