         IDX L1D-REFILLS
           0       27859
           1       27859
           2       27859
           3       27859
           4       27859
           5       27859
           6       27859
           7       27859
           8       27859
           9       27859
          10       27859
          11       27859
          12       27859
          13       27859
          14       27859
          15       27859
          16       27859
          17       27859
          18       27859
          19       27859
          20       27859
          21       27859
          22       27859
          23       27859
          24       27859
          25       27859
          26       27859
          27       27859
          28       27859
          29       27859
          30       27859
          31       27859
          32       27859
          33       27859
          34       27859
          35       27859
          36       27859
          37       27859
          38       27859
          39       27859
          40       27859
          41       27859
          42       27859
          43       27859
          44       27859
          45       27859
          46       27859
          47       27859
          48       27859
          49       27859
          50       27859
          51       27859
          52       27859
          53       27859
          54       27859
          55       27859
          56       27859
          57       27859
          58       27859
          59       27859
          60       27859
          61       27859
          62       27859
          63       27859
          64       27859
          65       27859
          66       27859
          67       27859
          68       27859
          69       27859
          70       27859
          71       27859
          72       27859
          73       27859
          74       27859
          75       27859
          76       27859
          77       27859
          78       27859
          79       27859
          80       27859
          81       27859
          82       27859
          83       27859
          84       27859
          85       27859
          86       27859
          87       27859
          88       27859
          89       27859
          90       27859
          91       27859
          92       27859
          93       27859
          94       27859
          95       27859
          96       27859
          97       27859
          98       27859
          99       27859
         100       27859
         101       27859
         102       27859
         103       27859
         104       27859
         105       27859
         106       27859
         107       27859
         108       27859
         109       27859
         110       27859
         111       27859
         112       27859
         113       27859
         114       27859
         115       27859
         116       27859
         117       27859
         118       27859
         119       27859
         120       27859
         121       27859
         122       27859
         123       27859
         124       27859
         125       27859
         126       27859
         127       27859
         128       27859
         129       27859
         130       27859
         131       27859
         132       27859
         133       27859
         134       27859
         135       27859
         136       27859
         137       27859
         138       27859
         139       27859
         140       27859
         141       27859
         142       27859
         143       27859
         144       27859
         145       27859
         146       27859
         147       27859
         148       27859
         149       27859
         150       27859
         151       27859
         152       27859
         153       27859
         154       27859
         155       27859
         156       27859
         157       27859
         158       27859
         159       27859
         160       27859
         161       27859
         162       27859
         163       27859
         164       27859
         165       27859
         166       27859
         167       27859
         168       27859
         169       27859
         170       27859
         171       27859
         172       27859
         173       27859
         174       27859
         175       27859
         176       27859
         177       27859
         178       27859
         179       27859
         180       27859
         181       27859
         182       27859
         183       27859
         184       27859
         185       27859
         186       27859
         187       27859
         188       27859
         189       27859
         190       27859
         191       27859
         192       27859
         193       27859
         194       27859
         195       27859
         196       27859
         197       27859
         198       27859
         199       27859
         200       27859
         201       27859
         202       27859
         203       27859
         204       27859
         205       27859
         206       27859
         207       27859
         208       27859
         209       27859
         210       27859
         211       27859
         212       27859
         213       27859
         214       27859
         215       27859
         216       27859
         217       27859
         218       27859
         219       27859
         220       27859
         221       27859
         222       27859
         223       27859
         224       27859
         225       27859
         226       27859
         227       27859
         228       27859
         229       27859
         230       27859
         231       27859
         232       27859
         233       27859
         234       27859
         235       27859
         236       27859
         237       27859
         238       27859
         239       27859
         240       27859
         241       27859
         242       27859
         243       27859
         244       27859
         245       27859
         246       27859
         247       27859
         248       27859
         249       27859
         250       27859
         251       27859
         252       27859
         253       27859
         254       27859
         255       27859
         256       27859
         257       27859
         258       27859
         259       27859
         260       27859
         261       27859
         262       27859
         263       27859
         264       27859
         265       27859
         266       27859
         267       27859
         268       27859
         269       27859
         270       27859
         271       27859
         272       27859
         273       27859
         274       27859
         275       27859
         276       27859
         277       27859
         278       27859
         279       27859
         280       27859
         281       27859
         282       27859
         283       27859
         284       27859
         285       27859
         286       27859
         287       27859
         288       27859
         289       27859
         290       27859
         291       27859
         292       27859
         293       27859
         294       27859
         295       27859
         296       27859
         297       27859
         298       27859
         299       27859
         300       27859
         301       27859
         302       27859
         303       27859
         304       27859
         305       27859
         306       27859
         307       27859
         308       27859
         309       27859
         310       27859
         311       27859
         312       27859
         313       27859
         314       27859
         315       27859
         316       27859
         317       27859
         318       27859
         319       27859
         320       27859
         321       27859
         322       27859
         323       27859
         324       27859
         325       27859
         326       27859
         327       27859
         328       27859
         329       27859
         330       27859
         331       27859
         332       27859
         333       27859
         334       27859
         335       27859
         336       27859
         337       27859
         338       27859
         339       27859
         340       27859
         341       27859
         342       27859
         343       27859
         344       27859
         345       27859
         346       27859
         347       27859
         348       27859
         349       27859
         350       27859
         351       27859
         352       27859
         353       27859
         354       27859
         355       27859
         356       27859
         357       27859
         358       27859
         359       27859
         360       27859
         361       27859
         362       27859
         363       27859
         364       27859
         365       27859
         366       27859
         367       27859
         368       27859
         369       27859
         370       27859
         371       27859
         372       27859
         373       27859
         374       27859
         375       27859
         376       27859
         377       27859
         378       27859
         379       27859
         380       27859
         381       27859
         382       27859
         383       27859
         384       27859
         385       27859
         386       27859
         387       27859
         388       27859
         389       27859
         390       27859
         391       27859
         392       27859
         393       27859
         394       27859
         395       27859
         396       27859
         397       27859
         398       27859
         399       27859
         400       27859
         401       27859
         402       27859
         403       27859
         404       27859
         405       27859
         406       27859
         407       27859
         408       27859
         409       27859
         410       27859
         411       27859
         412       27859
         413       27859
         414       27859
         415       27859
         416       27859
         417       27859
         418       27859
         419       27859
         420       27859
         421       27859
         422       27859
         423       27859
         424       27859
         425       27859
         426       27859
         427       27859
         428       27859
         429       27859
         430       27859
         431       27859
         432       27859
         433       27859
         434       27859
         435       27859
         436       27859
         437       27859
         438       27859
         439       27859
         440       27859
         441       27859
         442       27859
         443       27859
         444       27859
         445       27859
         446       27859
         447       27859
         448       27859
         449       27859
         450       27859
         451       27859
         452       27859
         453       27859
         454       27859
         455       27859
         456       27859
         457       27859
         458       27859
         459       27859
         460       27859
         461       27859
         462       27859
         463       27859
         464       27859
         465       27859
         466       27859
         467       27859
         468       27859
         469       27859
         470       27859
         471       27859
         472       27859
         473       27859
         474       27859
         475       27859
         476       27859
         477       27859
         478       27859
         479       27859
         480       27859
         481       27859
         482       27859
         483       27859
         484       27859
         485       27859
         486       27859
         487       27859
         488       27859
         489       27859
         490       27859
         491       27859
         492       27859
         493       27859
         494       27859
         495       27859
         496       27859
         497       27859
         498       27859
         499       27859
         500       27859
         501       27859
         502       27859
         503       27859
         504       27859
         505       27859
         506       27859
         507       27859
         508       27859
         509       27859
         510       27859
         511       27859
         512       27859
         513       27859
         514       27859
         515       27859
         516       27859
         517       27859
         518       27859
         519       27859
         520       27859
         521       27859
         522       27859
         523       27859
         524       27859
         525       27859
         526       27859
         527       27859
         528       27859
         529       27859
         530       27859
         531       27859
         532       27859
         533       27859
         534       27859
         535       27859
         536       27859
         537       27859
         538       27859
         539       27859
         540       27859
         541       27859
         542       27859
         543       27859
         544       27859
         545       27859
         546       27859
         547       27859
         548       27859
         549       27859
         550       27859
         551       27859
         552       27859
         553       27859
         554       27859
         555       27859
         556       27859
         557       27859
         558       27859
         559       27859
         560       27859
         561       27859
         562       27859
         563       27859
         564       27859
         565       27859
         566       27859
         567       27859
         568       27859
         569       27859
         570       27859
         571       27859
         572       27859
         573       27859
         574       27859
         575       27859
         576       27859
         577       27859
         578       27859
         579       27859
         580       27859
         581       27859
         582       27859
         583       27859
         584       27859
         585       27859
         586       27859
         587       27859
         588       27859
         589       27859
         590       27859
         591       27859
         592       27859
         593       27859
         594       27859
         595       27859
         596       27859
         597       27859
         598       27859
         599       27859
         600       27859
         601       27859
         602       27859
         603       27859
         604       27859
         605       27859
         606       27859
         607       27859
         608       27859
         609       27859
         610       27859
         611       27859
         612       27859
         613       27859
         614       27859
         615       27859
         616       27859
         617       27859
         618       27859
         619       27859
         620       27859
         621       27859
         622       27859
         623       27859
         624       27859
         625       27859
         626       27859
         627       27859
         628       27859
         629       27859
         630       27859
         631       27859
         632       27859
         633       27859
         634       27859
         635       27859
         636       27859
         637       27859
         638       27859
         639       27859
         640       27859
         641       27859
         642       27859
         643       27859
         644       27859
         645       27859
         646       27859
         647       27859
         648       27859
         649       27859
         650       27859
         651       27859
         652       27859
         653       27859
         654       27859
         655       27859
         656       27859
         657       27859
         658       27859
         659       27859
         660       27859
         661       27859
         662       27859
         663       27859
         664       27859
         665       27859
         666       27859
         667       27859
         668       27859
         669       27859
         670       27859
         671       27859
         672       27859
         673       27859
         674       27859
         675       27859
         676       27859
         677       27859
         678       27859
         679       27859
         680       27859
         681       27859
         682       27859
         683       27859
         684       27859
         685       27859
         686       27859
         687       27859
         688       27859
         689       27859
         690       27859
         691       27859
         692       27859
         693       27859
         694       27859
         695       27859
         696       27859
         697       27859
         698       27859
         699       27859
         700       27859
         701       27859
         702       27859
         703       27859
         704       27859
         705       27859
         706       27859
         707       27859
         708       27859
         709       27859
         710       27859
         711       27859
         712       27859
         713       27859
         714       27859
         715       27859
         716       27859
         717       27859
         718       27859
         719       27859
         720       27859
         721       27859
         722       27859
         723       27859
         724       27859
         725       27859
         726       27859
         727       27859
         728       27859
         729       27859
         730       27859
         731       27859
         732       27859
         733       27859
         734       27859
         735       27859
         736       27859
         737       27859
         738       27859
         739       27859
         740       27859
         741       27859
         742       27859
         743       27859
         744       27859
         745       27859
         746       27859
         747       27859
         748       27859
         749       27859
         750       27859
         751       27859
         752       27859
         753       27859
         754       27859
         755       27859
         756       27859
         757       27859
         758       27859
         759       27859
         760       27859
         761       27859
         762       27859
         763       27859
         764       27859
         765       27859
         766       27859
         767       27859
         768       27859
         769       27859
         770       27859
         771       27859
         772       27859
         773       27859
         774       27859
         775       27859
         776       27859
         777       27859
         778       27859
         779       27859
         780       27859
         781       27859
         782       27859
         783       27859
         784       27859
         785       27859
         786       27859
         787       27859
         788       27859
         789       27859
         790       27859
         791       27859
         792       27859
         793       27859
         794       27859
         795       27859
         796       27859
         797       27859
         798       27859
         799       27859
         800       27859
         801       27859
         802       27859
         803       27859
         804       27859
         805       27859
         806       27859
         807       27859
         808       27859
         809       27859
         810       27859
         811       27859
         812       27859
         813       27859
         814       27859
         815       27859
         816       27859
         817       27859
         818       27859
         819       27859
         820       27859
         821       27859
         822       27859
         823       27859
         824       27859
         825       27859
         826       27859
         827       27859
         828       27859
         829       27859
         830       27859
         831       27859
         832       27859
         833       27859
         834       27859
         835       27859
         836       27859
         837       27859
         838       27859
         839       27859
         840       27859
         841       27859
         842       27859
         843       27859
         844       27859
         845       27859
         846       27859
         847       27859
         848       27859
         849       27859
         850       27859
         851       27859
         852       27859
         853       27859
         854       27859
         855       27859
         856       27859
         857       27859
         858       27859
         859       27859
         860       27859
         861       27859
         862       27859
         863       27859
         864       27859
         865       27859
         866       27859
         867       27859
         868       27859
         869       27859
         870       27859
         871       27859
         872       27859
         873       27859
         874       27859
         875       27859
         876       27859
         877       27859
         878       27859
         879       27859
         880       27859
         881       27859
         882       27859
         883       27859
         884       27859
         885       27859
         886       27859
         887       27859
         888       27859
         889       27859
         890       27859
         891       27859
         892       27859
         893       27859
         894       27859
         895       27859
         896       27859
         897       27859
         898       27859
         899       27859
         900       27859
         901       27859
         902       27859
         903       27859
         904       27859
         905       27859
         906       27859
         907       27859
         908       27859
         909       27859
         910       27859
         911       27859
         912       27859
         913       27859
         914       27859
         915       27859
         916       27859
         917       27859
         918       27859
         919       27859
         920       27859
         921       27859
         922       27859
         923       27859
         924       27859
         925       27859
         926       27859
         927       27859
         928       27859
         929       27859
         930       27859
         931       27859
         932       27859
         933       27859
         934       27859
         935       27859
         936       27859
         937       27859
         938       27859
         939       27859
         940       27859
         941       27859
         942       27859
         943       27859
         944       27859
         945       27859
         946       27859
         947       27859
         948       27859
         949       27859
         950       27859
         951       27859
         952       27859
         953       27859
         954       27859
         955       27859
         956       27859
         957       27859
         958       27859
         959       27859
         960       27859
         961       27859
         962       27859
         963       27859
         964       27859
         965       27859
         966       27859
         967       27859
         968       27859
         969       27859
         970       27859
         971       27859
         972       27859
         973       27859
         974       27859
         975       27859
         976       27859
         977       27859
         978       27859
         979       27859
         980       27859
         981       27859
         982       27859
         983       27859
         984       27859
         985       27859
         986       27859
         987       27859
         988       27859
         989       27859
