         IDX  CYCLES_DEG  CYCLES_DEG
           0    0.961749    0.950398
           1    0.946091    0.946426
           2    0.959588    0.954294
           3    0.960137    0.988022
           4    0.945494    0.943360
           5    0.959907    0.942371
           6    0.981766    0.967953
           7    0.959449    0.931663
           8    0.938039    0.929649
           9    0.951545    0.933882
          10    0.937856    0.931024
          11    0.943358    0.932918
          12    0.937161    0.941234
          13    0.945255    0.953800
          14    0.939910    0.941744
          15    0.934621    0.941316
          16    0.935514    0.941389
          17    0.937918    0.944741
          18    0.936866    0.938257
          19    0.963708    0.979227
          20    0.941625    0.952613
          21    0.941562    0.945869
          22    0.934704    0.934428
          23    0.936413    0.931604
          24    0.938003    0.932618
          25    0.942927    0.928643
          26    0.932344    0.929526
          27    0.937884    0.939130
          28    0.961306    0.950084
          29    0.928083    0.940432
          30    0.928228    0.933910
          31    0.938408    0.940232
          32    0.944090    0.937177
          33    0.931882    0.936655
          34    0.934956    0.934129
          35    0.940498    0.939412
          36    0.928359    0.941673
          37    0.967443    0.925147
          38    0.931705    0.928928
          39    0.928780    1.070988
          40    0.929524    0.935994
          41    0.922134    0.934140
          42    0.925628    0.929109
          43    0.929514    0.922545
          44    0.931566    0.922109
          45    0.930532    0.929095
          46    0.932140    0.925431
          47    0.927817    1.008775
          48    0.936889    0.921315
          49    0.922430    0.921601
          50    0.938430    0.926124
          51    0.932231    0.932132
          52    0.923814    0.928678
          53    0.929077    0.943669
          54    0.929665    0.931134
          55    0.943429    0.932578
          56    0.925403    0.926362
          57    0.937007    0.931822
          58    0.929059    0.927229
          59    0.944436    0.932662
          60    1.036133    1.058244
          61    0.931100    0.934938
          62    0.934101    0.924165
          63    0.935919    0.926203
          64    0.933031    0.923617
          65    0.930115    0.924314
          66    0.939662    0.932118
          67    0.934406    0.927460
          68    0.935754    0.929758
          69    0.944037    0.925461
          70    0.932618    0.932559
          71    0.937965    0.928545
          72    0.933825    0.934674
          73    0.931842    0.927202
          74    0.926656    0.928226
          75    0.933863    0.928434
          76    0.931733    0.924280
          77    0.935077    0.924546
          78    0.936929    0.930923
          79    0.924351    0.923210
          80    0.941734    0.925852
          81    0.927358    0.956037
          82    0.939039    0.926096
          83    0.927214    0.927908
          84    0.932545    0.920741
          85    0.928117    0.926424
          86    0.933900    0.929286
          87    0.932717    0.920521
          88    0.929780    0.927968
          89    0.929822    0.928389
          90    0.926622    0.920088
          91    0.934988    0.920056
          92    0.927869    0.924288
          93    0.923929    0.928561
          94    0.933972    0.930860
          95    0.930629    0.930629
          96    0.934031    0.931542
          97    0.930048    0.932467
          98    0.925393    0.936179
          99    0.946283    0.928780
         100    0.929643    0.933267
         101    1.030211    1.037249
         102    0.933472    0.926336
         103    0.933700    0.925955
         104    0.929046    0.924600
         105    0.926801    0.934148
         106    0.933408    0.925818
         107    0.925669    0.924431
         108    0.934575    0.928807
         109    0.924276    0.923250
         110    0.928357    0.926221
         111    0.924643    0.925036
         112    0.925584    0.928424
         113    0.928291    0.925991
         114    0.928869    0.925973
         115    0.924665    0.925612
         116    0.928579    0.932283
         117    0.933388    0.920144
         118    0.926390    0.913677
         119    0.934591    0.922267
         120    0.929550    0.923976
         121    0.923599    1.079445
         122    1.027882    0.926426
         123    0.922734    0.920046
         124    0.921402    0.931757
         125    0.928974    0.924683
         126    0.926170    0.932398
         127    0.926348    0.917974
         128    0.927198    0.924655
         129    0.924967    0.931352
         130    0.929540    0.918117
         131    0.927225    0.927849
         132    0.928375    0.921160
         133    0.930995    0.915037
         134    0.929744    0.924050
         135    0.946119    0.933150
         136    0.922654    0.923379
         137    0.926747    0.921904
         138    0.920465    0.924087
         139    0.927352    0.928418
         140    0.921851    0.935710
         141    0.926213    0.932217
         142    1.030909    1.026940
         143    0.930060    0.920346
         144    0.928377    0.925919
         145    0.927990    0.924645
         146    0.924971    0.931392
         147    0.923367    0.935585
         148    0.925118    0.931834
         149    0.919260    0.930473
         150    0.920654    0.926759
         151    0.920426    0.928668
         152    0.920116    0.924556
         153    0.920842    0.931195
         154    0.920747    0.927259
         155    0.924310    0.926354
         156    0.923994    0.927801
         157    0.921549    0.920963
         158    0.928275    0.922996
         159    0.921400    0.930465
         160    0.920277    0.924528
         161    0.919526    0.929556
         162    0.928021    0.925147
         163    1.012951    1.026896
         164    0.922575    0.921208
         165    0.920622    0.920521
         166    0.923000    0.924173
         167    0.921726    0.922936
         168    0.919411    0.913439
         169    0.920332    0.929095
         170    0.924911    0.924711
         171    0.923812    0.925685
         172    0.926054    0.923248
         173    0.930528    0.932914
         174    0.932316    0.919262
         175    0.926142    0.921325
         176    0.937636    0.921839
         177    0.927833    0.931842
         178    0.925427    0.921358
         179    0.931070    0.913969
         180    0.940801    0.911738
         181    0.922940    0.916633
         182    0.925384    0.918991
         183    1.040742    1.026058
         184    0.930020    0.924592
         185    0.930183    0.921335
         186    0.936058    0.929411
         187    0.929210    0.924371
         188    0.928055    0.922337
         189    0.927789    0.923724
         190    0.934647    0.918953
         191    0.931270    0.926741
         192    0.931727    0.920678
         193    0.933160    0.925540
         194    0.923329    0.920408
         195    0.925763    0.920406
         196    0.926832    0.924806
         197    0.926348    0.924611
         198    0.925405    0.926352
         199    0.922009    0.928462
         200    0.925187    0.924651
         201    0.925737    0.922756
         202    0.928651    0.922085
         203    0.921833    1.066320
         204    1.024363    1.033402
         205    0.931568    0.923053
         206    0.936439    0.916863
         207    0.921855    0.927559
         208    0.925739    0.928176
         209    0.923722    0.916490
         210    0.926265    0.938737
         211    0.928134    0.919691
         212    0.931602    0.916819
         213    0.928418    0.921688
         214    0.924137    0.915976
         215    0.924072    0.920370
         216    0.927771    0.923585
         217    0.929431    0.922595
         218    0.931687    0.918963
         219    0.923808    0.919209
         220    0.926725    0.919264
         221    0.931584    0.929859
         222    0.925919    0.923198
         223    0.933970    0.928774
         224    1.053240    1.031213
         225    0.919953    0.926424
         226    0.918707    0.917488
         227    0.922587    0.916694
         228    0.924868    0.927160
         229    0.919499    0.922468
         230    0.926227    0.920394
         231    0.930576    0.925707
         232    0.924346    0.920390
         233    0.924661    0.923036
         234    0.923623    0.922140
         235    0.918214    0.920529
         236    0.926316    0.925840
         237    0.916359    0.928656
         238    0.926983    0.921255
         239    0.918911    0.991344
         240    0.920656    0.915557
         241    0.918222    0.914451
         242    0.929716    0.929417
         243    0.915172    0.917486
         244    0.925306    0.965709
         245    1.006844    1.009015
         246    0.915737    0.921614
         247    0.920299    0.921096
         248    0.921081    0.922208
         249    0.926805    0.927950
         250    0.921162    0.926757
         251    0.923218    0.919804
         252    0.920471    0.927843
         253    0.921789    0.921329
         254    0.915229    0.917980
         255    0.921882    0.919419
         256    0.920817    0.920267
         257    0.925703    0.924179
         258    0.921626    0.927928
         259    0.922392    0.935955
         260    0.921219    0.922593
         261    0.924211    0.928196
         262    0.932876    0.921243
         263    0.946365    0.922615
         264    0.926235    0.924091
         265    1.028317    1.032997
         266    0.919191    0.926779
         267    0.919868    0.916271
         268    0.920312    0.916565
         269    0.921511    0.921481
         270    0.913572    0.920596
         271    0.921716    0.932102
         272    0.917490    0.921984
         273    0.924334    0.915976
         274    0.924909    0.914922
         275    0.924433    0.923849
         276    0.924836    0.922216
         277    0.921591    0.919175
         278    0.925640    0.921309
         279    0.942935    0.921170
         280    0.921013    0.925457
         281    0.923246    0.928071
         282    0.927616    0.924260
         283    0.927408    0.927204
         284    0.933418    0.922555
         285    0.924383    1.068317
         286    1.033920    1.024687
         287    0.925661    0.918355
         288    0.926432    0.917958
         289    0.923139    0.922617
         290    0.923339    0.924991
         291    0.928561    0.915690
         292    0.920630    0.923302
         293    0.940603    0.921059
         294    0.914813    0.922383
         295    0.920795    0.921499
         296    0.916998    0.923768
         297    0.920509    0.924459
         298    0.916303    0.931368
         299    0.923369    0.928023
         300    0.922609    0.930625
         301    0.925608    0.925747
         302    0.923176    0.922823
         303    0.919378    0.928248
         304    0.926388    0.935357
         305    0.918381    0.922212
         306    0.918560    1.030729
         307    0.930419    0.926914
         308    0.921642    0.925024
         309    0.966308    0.928704
         310    0.923135    0.928990
         311    0.925235    0.933551
         312    0.916720    0.928754
         313    0.919000    0.930639
         314    0.917907    0.928277
         315    0.926054    0.931683
         316    0.924917    0.936576
         317    0.925036    0.936260
         318    0.924181    0.937243
         319    0.925098    0.940547
         320    0.923026    0.927315
         321    0.924411    0.929649
         322    0.922823    0.932541
         323    0.924435    0.926654
         324    0.932620    0.928809
         325    0.923980    0.932775
         326    0.929188    0.934803
         327    1.031394    1.025777
         328    0.922680    0.922970
         329    0.926082    0.920838
         330    0.912318    0.923061
         331    0.909198    0.927007
         332    0.910881    0.924923
         333    0.914493    0.920642
         334    0.911180    0.919699
         335    0.914110    0.925808
         336    0.916097    0.945597
         337    0.918774    0.921241
         338    0.925130    0.919425
         339    0.922307    0.914795
         340    0.918877    0.922746
         341    0.923800    0.921426
         342    0.929546    0.924778
         343    0.919225    0.924627
         344    0.934035    0.922127
         345    0.946478    0.920807
         346    0.920033    0.922297
         347    0.929798    1.033656
         348    0.932037    0.918822
         349    0.923603    0.920938
         350    0.929053    0.920118
         351    0.931114    0.926578
         352    0.918598    0.925177
         353    0.927692    0.946790
         354    0.924296    0.917748
         355    0.921801    0.923754
         356    0.916363    0.940569
         357    0.917839    0.927789
         358    0.917458    0.921507
         359    0.916255    0.932144
         360    0.917369    0.932406
         361    0.915430    0.936846
         362    0.924873    0.930014
         363    0.922903    0.935538
         364    0.916315    0.928389
         365    0.923022    0.930697
         366    0.925403    0.934293
         367    0.923024    1.088234
         368    1.033148    1.050007
         369    0.918901    0.941599
         370    0.927700    0.931014
         371    0.941585    0.935044
         372    0.915408    0.928041
         373    0.926565    0.938549
         374    0.936508    0.924645
         375    0.936141    0.932116
         376    0.931443    0.929067
         377    0.923480    0.931245
         378    0.928343    0.930056
         379    0.925951    0.936850
         380    0.929087    0.934002
         381    0.923909    0.927186
         382    0.916998    0.931318
         383    0.916156    0.926696
         384    0.923903    0.928680
         385    0.923587    0.931368
         386    0.919447    0.934917
         387    0.918685    0.938987
         388    1.064716    1.035536
         389    0.919713    0.929560
         390    0.912885    0.930542
         391    0.921652    0.938444
         392    0.933571    0.928736
         393    0.918008    0.937038
         394    0.918641    0.928083
         395    0.918469    0.932076
         396    0.917157    0.925187
         397    0.920721    0.929921
         398    0.916948    0.927916
         399    0.924613    0.927247
         400    0.921061    0.942937
         401    0.924556    0.927331
         402    0.939755    0.925961
         403    0.925995    0.926428
         404    0.926759    0.932817
         405    0.928508    0.932428
         406    0.925830    0.933730
         407    0.924709    0.930542
         408    0.929754    0.915851
         409    1.016611    1.017252
         410    0.976693    0.922726
         411    0.936897    0.925622
         412    0.915456    1.035552
         413    0.921783    0.916702
         414    0.918619    0.920654
         415    0.915380    0.918471
         416    0.950317    0.922756
         417    0.918091    0.922093
         418    0.924691    0.932628
         419    0.923667    0.922081
         420    0.927823    0.924842
         421    0.927263    0.924193
         422    0.922510    0.925993
         423    0.919310    0.935677
         424    0.918738    0.924705
         425    0.921497    0.929706
         426    0.922281    0.927341
         427    0.920168    0.925376
         428    0.923675    0.929599
         429    0.921825    0.920701
         430    0.935470    0.921666
         431    0.925076    0.918842
         432    0.920644    0.913602
         433    0.925342    0.915868
         434    0.923645    0.939996
         435    0.922561    0.936659
         436    0.932056    0.938193
         437    0.931511    0.969690
         438    0.927912    0.914822
         439    0.924089    0.920896
         440    0.928647    0.921878
         441    0.921785    0.923869
         442    0.935359    0.931268
         443    0.923343    0.925483
         444    0.920860    0.921456
         445    0.920158    0.924365
         446    0.934819    0.923300
         447    0.921011    0.930201
         448    0.920461    0.921356
         449    0.917202    1.076049
         450    1.028206    1.060945
         451    0.925024    0.926965
         452    0.920005    0.924524
         453    0.920904    0.923808
         454    0.921017    0.924814
         455    0.918012    0.929736
         456    0.922601    0.939013
         457    0.924312    0.928791
         458    0.927293    0.930405
         459    0.927440    0.922948
         460    0.931590    0.922033
         461    0.930961    0.927122
         462    0.925596    0.919917
         463    0.930215    0.921182
         464    0.926122    0.924066
         465    0.923345    0.923190
         466    0.940438    0.925008
         467    0.925064    0.921164
         468    0.930947    0.924008
         469    0.926328    0.918240
         470    0.931521    0.922055
         471    0.927539    0.924939
         472    0.921922    0.906760
         473    0.924584    0.917246
         474    0.925203    0.920942
         475    0.930502    0.946289
         476    0.929474    0.913459
         477    0.927561    0.917262
         478    0.927636    0.921853
         479    0.920743    0.954443
         480    0.928283    0.914606
         481    0.926380    0.918083
         482    0.926297    0.917367
         483    0.916670    0.919878
         484    0.930494    0.920543
         485    0.922027    0.924099
         486    0.921374    0.914896
         487    0.932827    0.916119
         488    0.926723    0.918322
         489    0.928512    0.917335
         490    0.925036    0.917675
         491    1.027227    1.014900
         492    0.925995    0.913632
         493    0.925721    0.919330
         494    0.921555    0.912937
         495    0.934734    0.910220
         496    0.924663    0.917103
         497    0.924917    0.919000
         498    0.920209    0.925636
         499    0.919632    0.931542
         500    0.924794    0.919687
         501    0.916635    0.951825
         502    0.921035    0.915978
         503    0.935500    0.915194
         504    0.927430    0.913580
         505    0.931433    0.915043
         506    0.927924    0.932467
         507    0.929450    0.926674
         508    0.927878    0.914076
         509    0.930230    0.921364
         510    0.922506    0.920140
         511    0.922768    0.919638
         512    0.931382    0.917788
         513    0.922307    0.921698
         514    0.930258    0.921801
         515    0.924860    0.925266
         516    0.924250    0.920376
         517    0.917204    0.927223
         518    0.915321    0.915136
         519    0.925604    0.921366
         520    0.929857    0.938303
         521    0.925550    0.915656
         522    0.922970    0.918246
         523    0.976290    0.925062
         524    0.916575    0.922611
         525    0.921210    0.918929
         526    0.918862    0.918089
         527    0.922051    0.917607
         528    0.933432    0.918451
         529    0.926054    0.912903
         530    0.921718    0.921293
         531    0.923093    0.919300
         532    1.025108    1.194095
         533    0.916873    0.923748
         534    0.922924    0.923087
         535    0.915164    0.922559
         536    0.930792    0.915134
         537    0.926634    0.921553
         538    0.940704    0.917008
         539    0.924858    0.916466
         540    0.938382    0.917095
         541    0.920356    0.925076
         542    0.933480    0.915172
         543    0.920527    0.922680
         544    0.946055    0.922930
         545    0.925054    0.918397
         546    0.921956    0.922940
         547    0.932360    0.925427
         548    0.919616    0.924119
         549    0.919892    0.927285
         550    0.919501    0.922597
         551    0.920050    0.919133
         552    0.923873    0.921553
         553    0.920783    0.920368
         554    0.926136    0.927773
         555    0.931654    0.922206
         556    0.928073    0.926441
         557    0.943687    0.924209
         558    0.919207    0.923698
         559    0.926035    0.921458
         560    0.929560    0.927257
         561    0.925358    0.928323
         562    0.926424    0.939666
         563    0.928964    0.930909
         564    0.923133    0.925987
         565    0.922331    0.921100
         566    0.918191    0.925141
         567    0.916500    0.925808
         568    0.922746    0.934865
         569    0.921841    0.929502
         570    0.927142    0.919606
         571    0.926318    0.918276
         572    0.925717    0.921622
         573    1.023288    1.020860
         574    0.924917    0.920737
         575    0.924985    0.942766
         576    0.934506    0.920122
         577    0.921668    0.922319
         578    0.937153    0.927253
         579    0.925193    0.922539
         580    0.932140    0.917659
         581    0.937423    0.921015
         582    0.929909    0.924677
         583    0.922170    0.924395
         584    0.923873    0.932557
         585    0.938634    0.921624
         586    0.930254    0.925622
         587    0.931165    0.926586
         588    0.929579    0.929750
         589    0.925491    0.918167
         590    0.925268    0.920144
         591    0.924451    0.918220
         592    0.923149    0.922537
         593    0.919919    0.923429
         594    0.922664    1.022422
         595    0.922075    0.924713
         596    0.921900    0.926789
         597    0.924006    0.921019
         598    0.920209    0.914580
         599    0.920957    0.924792
         600    0.922918    0.921638
         601    0.934486    0.930772
         602    0.926811    0.915773
         603    0.937034    0.921747
         604    0.927640    0.916067
         605    0.936238    0.920130
         606    0.928174    0.926690
         607    0.928178    0.921442
         608    0.930697    0.919620
         609    0.938114    0.941187
         610    0.927017    0.932817
         611    0.923000    0.938495
         612    0.929524    0.929579
         613    0.928839    0.925153
         614    1.034204    1.313614
         615    0.925796    0.927039
         616    0.925530    0.926908
         617    0.919316    0.920406
         618    0.919862    0.925012
         619    0.920408    0.929774
         620    0.920197    0.922478
         621    0.916541    0.927426
         622    0.922609    0.927910
         623    0.921628    0.928198
         624    0.922496    0.930097
         625    0.928275    0.927996
         626    0.931122    0.929343
         627    0.935141    0.931328
         628    0.932185    0.932753
         629    0.927668    0.927539
         630    0.929186    0.934210
         631    0.927460    0.930889
         632    0.924097    0.936137
         633    0.928186    0.925703
         634    0.920717    0.927424
         635    0.920803    0.921940
         636    0.922119    0.945007
         637    0.924790    0.921047
         638    0.920146    0.928331
         639    0.922105    0.929085
         640    0.921992    0.925933
         641    0.919457    0.922246
         642    0.918538    0.923706
         643    0.924405    0.922736
         644    0.920767    0.928385
         645    0.923790    0.925723
         646    0.920821    0.923093
         647    0.917208    0.925570
         648    0.919235    0.918655
         649    0.927932    0.922212
         650    0.923970    0.934664
         651    0.925562    0.928522
         652    0.922529    0.928970
         653    0.932924    0.929968
         654    0.926997    0.921884
         655    1.030050    1.024919
         656    0.931483    0.920398
         657    0.921630    0.934976
         658    0.926114    0.927164
         659    0.937136    0.929653
         660    0.924949    0.920279
         661    0.928625    0.919528
         662    0.934859    0.923313
         663    0.928490    0.924999
         664    0.921876    0.923992
         665    0.927924    0.926678
         666    0.922458    0.928514
         667    0.916797    0.930895
         668    0.917262    0.938150
         669    0.917381    0.929693
         670    0.918891    0.941615
         671    0.920570    0.924411
         672    0.926003    0.930383
         673    0.919501    0.932164
         674    0.919131    0.927229
         675    0.932924    0.929571
         676    1.019673    1.027402
         677    0.925743    0.932372
         678    0.921275    0.921537
         679    0.921094    0.930417
         680    0.925983    0.931622
         681    0.921394    0.933618
         682    0.926771    0.927408
         683    0.930147    0.928928
         684    0.926144    0.932251
         685    0.929454    0.931646
         686    0.924338    0.932287
         687    0.920513    0.929246
         688    0.920777    0.926789
         689    0.924373    0.924484
         690    0.921075    0.921543
         691    0.917226    0.923724
         692    0.917776    0.921803
         693    0.920382    0.929756
         694    0.928647    0.928869
         695    0.926880    0.932479
         696    1.047621    1.315503
         697    0.928988    0.925524
         698    0.929149    0.926330
         699    0.922946    0.926092
         700    0.929020    0.922224
         701    0.927964    0.930292
         702    0.934563    0.927132
         703    0.922559    0.924024
         704    0.927098    0.928220
         705    0.916547    0.925745
         706    0.925671    0.927090
         707    0.927944    0.926140
         708    0.922482    0.939632
         709    0.916887    0.928095
         710    0.926162    0.926916
         711    0.924647    0.935165
         712    0.918540    0.935278
         713    0.922023    0.923419
         714    0.923768    0.929171
         715    0.928087    0.930213
         716    0.918635    0.927319
         717    1.031622    0.928178
         718    0.926207    0.925646
         719    0.926934    0.932047
         720    0.927992    0.925399
         721    0.924715    0.938985
         722    0.926241    0.928660
         723    0.930923    0.931618
         724    0.923008    0.925689
         725    0.926410    0.947244
         726    0.920904    0.917371
         727    0.926406    0.923323
         728    0.924723    0.924091
         729    0.917573    0.928252
         730    0.920688    0.930048
         731    0.928315    0.936056
         732    0.921817    0.927732
         733    0.918318    0.928109
         734    0.921878    0.932241
         735    0.923049    0.930681
         736    0.917081    0.933954
         737    1.021648    1.022986
         738    0.920959    0.923927
         739    0.932255    0.926072
         740    0.927857    0.920435
         741    0.923980    0.925467
         742    0.925120    0.925935
         743    0.926582    0.930074
         744    0.929073    0.928571
         745    0.929774    0.925366
         746    0.934258    0.917498
         747    0.927069    0.919457
         748    0.934728    0.924155
         749    0.920543    0.929691
         750    0.922009    0.923194
         751    0.921196    0.922545
         752    0.921537    0.917669
         753    0.920638    0.913425
         754    0.923671    0.917885
         755    0.928271    0.917571
         756    0.927716    0.926503
         757    0.944378    0.922694
         758    1.021986    1.028095
         759    0.921938    0.924488
         760    0.923024    0.928571
         761    0.919709    0.924929
         762    0.919207    0.919989
         763    0.917168    0.917698
         764    0.927208    0.924903
         765    0.924506    0.924844
         766    0.920376    0.926330
         767    0.926434    0.927575
         768    0.925266    0.929613
         769    0.917399    0.927233
         770    0.920100    0.927150
         771    0.925900    0.928154
         772    0.923556    0.931743
         773    0.921900    0.936524
         774    0.927263    0.925695
         775    0.931923    0.940051
         776    0.924733    0.934363
         777    0.928865    0.931064
         778    1.036490    1.312478
         779    0.932888    0.929968
         780    0.932908    0.919802
         781    0.931155    0.934158
         782    0.930572    0.929548
         783    0.936322    0.934974
         784    0.929702    0.929490
         785    0.925864    0.933414
         786    0.926439    0.923945
         787    0.936836    0.934125
         788    0.922335    0.936512
         789    0.918455    0.934377
         790    0.925530    0.931814
         791    0.925098    0.930074
         792    0.923831    0.936052
         793    0.924645    0.933664
         794    0.928623    0.930699
         795    0.926350    0.926854
         796    0.923583    0.922912
         797    0.924953    0.925032
         798    0.931261    0.939773
         799    1.036798    0.925588
         800    0.928432    0.922224
         801    0.928907    0.923248
         802    0.934250    0.930131
         803    0.930123    0.932729
         804    0.943265    0.931896
         805    0.932201    0.940321
         806    0.930729    0.935832
         807    0.930012    0.932567
         808    0.925951    0.928142
         809    0.921343    0.955785
         810    0.919509    0.928389
         811    0.925469    0.934424
         812    0.930786    0.937775
         813    0.922115    0.931215
         814    0.925812    0.933005
         815    0.923575    0.939089
         816    0.916994    0.938191
         817    0.923635    0.937040
         818    0.920150    0.926979
         819    1.019122    1.046204
         820    0.923123    0.935325
         821    0.929067    0.924606
         822    0.925062    0.931509
         823    0.934486    0.925534
         824    0.923349    0.932991
         825    0.931652    0.927450
         826    0.921664    0.929585
         827    0.931590    0.916990
         828    0.928813    0.920451
         829    0.931916    0.918828
         830    0.920132    0.926811
         831    0.921170    0.918877
         832    0.928081    0.923200
         833    0.924766    0.928571
         834    0.929331    0.919308
         835    0.931396    0.918286
         836    0.932287    0.919667
         837    0.926027    0.937519
         838    0.928535    0.923974
         839    0.945083    0.925366
         840    1.034847    0.925800
         841    0.924383    0.930338
         842    0.918877    0.920096
         843    0.924185    0.925592
         844    0.919691    0.923734
         845    0.930955    0.926134
         846    0.923383    0.928531
         847    0.923472    0.931124
         848    0.922976    0.928295
         849    0.921835    0.930810
         850    0.948588    0.931044
         851    0.920553    0.932751
         852    0.923831    0.923619
         853    0.923607    0.924796
         854    0.927499    0.924713
         855    0.928678    0.926211
         856    0.926761    0.928674
         857    0.926868    0.927740
         858    0.933990    0.926777
         859    0.930649    0.932231
         860    1.035776    1.306736
         861    0.923321    0.923986
         862    0.926543    0.926259
         863    0.929135    0.922315
         864    0.933418    0.923119
         865    0.930175    0.924143
         866    0.925199    0.925925
         867    0.924087    0.930038
         868    0.928768    0.919513
         869    0.930995    0.923540
         870    0.927241    0.927037
         871    0.927523    0.921088
         872    0.929474    0.926838
         873    0.933873    0.927696
         874    0.922013    0.926295
         875    0.928613    0.924105
         876    0.920695    0.927112
         877    0.923611    0.925864
         878    0.929230    0.925697
         879    0.919959    0.917500
         880    0.926479    0.919673
         881    1.034613    0.921059
         882    0.933424    0.927783
         883    0.927478    0.927636
         884    0.926582    0.924790
         885    0.923976    0.924873
         886    0.929552    0.921628
         887    0.919530    0.920785
         888    0.930191    0.921747
         889    0.931253    0.920493
         890    0.930403    0.925108
         891    0.932900    0.920846
         892    0.930088    0.924504
         893    0.920957    0.931310
         894    0.953802    0.929851
         895    0.930070    0.923558
         896    0.924703    0.925933
         897    0.925663    0.921912
         898    0.926684    0.929077
         899    0.921075    0.929419
         900    0.939920    0.925469
         901    1.023591    1.028111
         902    0.924832    0.922946
         903    0.935161    0.919431
         904    0.925376    0.926969
         905    0.924248    0.923444
         906    0.925546    0.925046
         907    0.923186    0.923760
         908    0.925169    0.923585
         909    0.924151    0.922470
         910    0.923611    0.920433
         911    0.934438    0.928625
         912    0.919671    0.926848
         913    0.921763    0.934869
         914    0.951468    0.917986
         915    0.923762    0.934716
         916    0.933932    0.919983
         917    0.921853    0.922001
         918    0.931362    0.928339
         919    0.924957    0.923264
         920    0.924750    0.920175
         921    0.930232    0.930443
         922    1.026586    0.932985
         923    0.928531    0.932948
         924    0.923121    0.928404
         925    0.923311    0.925767
         926    0.932467    0.929014
         927    0.924512    0.926138
         928    0.932316    0.931558
         929    0.921601    0.925802
         930    0.923337    0.925636
         931    0.933660    0.927485
         932    0.924703    0.920076
         933    0.928000    0.929903
         934    0.928573    0.923669
         935    0.964137    0.935252
         936    0.919959    0.931661
         937    0.930137    0.923190
         938    0.918897    0.925755
         939    0.926678    0.931429
         940    0.923514    0.929063
         941    0.927618    0.930943
         942    1.025638    1.320181
         943    0.924768    0.926128
         944    0.920064    0.929506
         945    0.928234    0.933368
         946    0.919568    0.929212
         947    0.925634    0.932497
         948    0.928119    0.932632
         949    0.921317    0.934430
         950    0.927622    0.936487
         951    0.924145    0.924379
         952    0.936207    0.922559
         953    0.933065    0.921726
         954    0.924381    0.921872
         955    0.973193    0.922905
         956    0.916617    0.925388
         957    0.917103    0.926741
         958    0.923802    0.927571
         959    0.921285    0.922373
         960    0.917933    0.946307
         961    0.932445    0.930262
         962    0.917432    0.926360
         963    1.032370    0.929988
         964    0.932521    0.929514
         965    0.932408    0.935627
         966    0.924554    0.931044
         967    0.919939    0.927998
         968    0.925199    0.925145
         969    0.926811    0.921444
         970    0.928138    0.923236
         971    0.926154    0.917702
         972    0.935310    0.917702
         973    0.928799    0.920066
         974    0.926717    0.922109
         975    0.925727    0.913546
         976    0.936018    0.929929
         977    0.918318    0.921652
         978    0.931286    0.915642
         979    0.920993    0.917673
         980    0.927791    0.918744
         981    0.923282    0.921341
         982    0.931459    0.918205
         983    1.030713    1.017986
         984    0.928647    0.914880
         985    0.931130    0.915972
         986    0.921269    0.918752
         987    0.927743    0.920967
         988    0.924427    0.930181
         989    0.924467    0.929030
