         IDX      CYCLES      CYCLES      CYCLES      CYCLES      CYCLES      CYCLES      CYCLES      CYCLES      CYCLES      CYCLES
           0         780         780         780         780         780         780         780         780         780            
           1         780         780         780         780         780         780         780         780         780            
           2         780         780         780         780         780         780         780         780         780            
           3         780         780         780         780         780         780         780         780         780            
           4         780         780         780         780         780         780         780         780         780            
           5         780         780         780         780         780         780         780         780         780            
           6         780         794         780         780         780         780         780         780         780            
           7         780         780         780         794         780         794         780         780         794            
           8         780         780         780         780         780         780         794         780         780            
           9         780         780         780         780         780         780         780         780         780            
          10         780         780         780         780         780         780         780         780                        
          11         780         780         780         780         780         780         780         780                        
          12         780         780         780         780         780         780         780         780                        
          13         780         780         780         780         780         780         780         780                        
          14         794         780         780         780         780         780         794         780                        
          15         780         780         780         780         780         780         780         780                        
          16         780         794         780         780         780         780         780         780                        
          17         780         780         794         780         780         780         780         780                        
          18         780         780         780         780         794         780         780         794                        
          19         780         780         780         780         780         780         780         780                        
          20         780         780         780         780         780         780         780                                    
          21         780         780         780         780         780         780         780                                    
          22         780         780         780         794         780         794         780                                    
          23         780         780         780         780         780         780         780                                    
          24         780         780         780         780         780         780         780                                    
          25         780         780         780         780         780         780         780                                    
          26         780         780         780         780         780         780         780                                    
          27         780         780         780         780         780         780         780                                    
          28         780         780         780         780         780         780         780                                    
          29         794         780         780         780         780         780         794                                    
          30         780         780         780         780         780         780                                                
          31         780         794         780         780         780         780                                                
          32         780         780         794         780         780         780                                                
          33         780         780         780         780         794         780                                                
          34         780         780         780         780         780         780                                                
          35         780         780         780         780         780         780                                                
          36         780         780         780         780         780         780                                                
          37         780         780         780         794         780         794                                                
          38         780         780         780         780         780         780                                                
          39         780         780         780         780         780         780                                                
          40         780         780         780         780         780                                                            
          41         780         780         780         780         780                                                            
          42         780         780         780         780         780                                                            
          43         780         780         780         780         780                                                            
          44         794         780         780         780         780                                                            
          45         780         780         780         780         780                                                            
          46         780         794         780         780         780                                                            
          47         780         780         794         780         780                                                            
          48         780         780         780         780         794                                                            
          49         780         780         780         780         780                                                            
          50         780         780         780         780                                                                        
          51         780         780         780         780                                                                        
          52         780         780         780         794                                                                        
          53         780         780         780         780                                                                        
          54         780         780         780         780                                                                        
          55         780         780         780         780                                                                        
          56         780         780         780         780                                                                        
          57         780         780         780         780                                                                        
          58         780         780         780         780                                                                        
          59         794         780         780         780                                                                        
          60         780         780         780                                                                                    
          61         780         794         780                                                                                    
          62         780         780         794                                                                                    
          63         780         780         780                                                                                    
          64         780         780         780                                                                                    
          65         780         780         780                                                                                    
          66         780         780         780                                                                                    
          67         780         780         780                                                                                    
          68         780         780         780                                                                                    
          69         780         780         780                                                                                    
          70         780         780                                                                                                
          71         780         780                                                                                                
          72         780         780                                                                                                
          73         780         780                                                                                                
          74         794         780                                                                                                
          75         780         780                                                                                                
          76         780         794                                                                                                
          77         780         780                                                                                                
          78         780         780                                                                                                
          79         780         780                                                                                                
          80         780                                                                                                            
          81         780                                                                                                            
          82         780                                                                                                            
          83         780                                                                                                            
          84         780                                                                                                            
          85         780                                                                                                            
          86         780                                                                                                            
          87         780                                                                                                            
          88         780                                                                                                            
          89         794                                                                                                            
