         IDX  CYCLES_DEG
           0    2.299721
           1    2.330098
           2    2.335843
           3    2.289755
           4    2.321743
           5    2.321612
           6    2.379189
           7    2.303638
           8    2.370137
           9    2.410262
          10    2.392898
          11    2.405083
          12    2.329533
          13    2.377840
          14    2.400035
          15    2.406128
          16    2.392332
          17    2.471886
          18    2.390983
          19    2.390460
          20    2.330708
          21    2.397815
          22    2.359953
          23    2.396597
          24    2.304073
          25    2.320219
          26    2.294369
          27    2.412264
          28    2.381539
          29    2.315345
          30    2.339803
          31    2.407520
          32    2.374097
          33    2.328227
          34    2.367134
          35    2.303247
          36    2.301027
          37    2.403778
          38    2.363435
          39    2.390939
          40    2.387327
          41    2.453477
          42    2.370528
          43    2.397293
          44    2.368962
          45    2.382888
          46    2.382757
          47    2.399730
          48    2.317478
          49    2.405954
          50    2.362869
          51    2.317956
          52    2.405083
          53    2.394595
          54    2.321873
          55    2.382714
          56    2.328923
          57    2.362738
          58    2.384498
          59    2.314214
          60    2.409696
          61    2.383280
          62    2.307294
          63    2.381495
          64    2.376534
          65    2.304726
          66    2.378318
          67    2.415049
          68    2.419140
          69    2.303334
          70    2.382235
          71    2.363739
          72    2.389851
          73    2.386413
          74    2.413308
          75    2.358256
          76    2.323483
          77    2.377579
          78    2.377970
          79    2.331491
          80    2.379189
          81    2.443555
          82    2.408608
          83    2.372269
          84    2.318827
          85    2.324484
          86    2.413482
          87    2.393159
          88    2.358909
          89    2.376142
          90    2.332492
          91    2.290321
          92    2.301897
          93    2.299025
          94    2.408217
          95    2.450039
          96    2.386587
          97    2.303073
          98    2.308991
          99    2.294151
         100    2.375011
         101    2.393637
         102    2.483549
         103    2.342240
         104    2.337671
         105    2.407781
         106    2.413308
         107    2.367047
         108    2.314301
         109    2.447471
         110    2.402864
         111    2.402037
         112    2.371442
         113    2.360867
         114    2.401558
         115    2.348029
         116    2.385673
         117    2.397163
         118    2.318609
         119    2.388720
         120    2.293455
         121    2.376186
         122    2.282139
         123    2.332144
         124    2.373879
         125    2.384629
         126    2.351075
         127    2.311602
         128    2.395465
         129    2.390025
         130    2.378405
         131    2.382279
         132    2.317695
         133    2.304465
         134    2.374184
         135    2.351467
         136    2.484812
         137    2.336409
         138    2.394551
         139    2.313996
         140    2.387632
         141    2.310993
         142    2.372791
         143    2.447602
         144    2.407781
         145    2.294325
         146    2.419097
         147    2.321351
         148    2.318043
         149    2.404517
         150    2.328096
         151    2.420489
         152    2.339542
         153    2.322352
         154    2.370224
         155    2.311254
         156    2.370441
         157    2.350988
         158    2.272609
         159    2.349030
         160    2.313082
         161    2.339412
         162    2.338846
         163    2.325398
         164    2.399817
         165    2.386108
         166    2.301419
         167    2.390460
         168    2.449299
         169    2.318435
         170    2.319741
         171    2.416833
         172    2.365828
         173    2.403995
         174    2.295239
         175    2.395683
         176    2.324963
         177    2.320002
         178    2.330664
         179    2.446209
         180    2.398990
         181    2.384368
         182    2.303769
         183    2.312560
         184    2.318000
         185    2.413787
         186    2.297023
         187    2.329315
         188    2.310253
         189    2.360432
         190    2.333101
         191    2.332579
         192    2.320002
         193    2.330055
         194    2.332231
         195    2.364784
         196    2.351554
         197    2.301506
         198    2.352206
         199    2.302376
         200    2.393072
         201    2.531117
         202    2.307860
         203    2.346897
         204    2.309992
         205    2.455392
         206    2.317173
         207    2.302898
         208    2.404953
         209    2.390852
         210    2.325920
         211    2.343415
         212    2.349639
         213    2.368309
         214    2.299243
         215    2.390417
         216    2.283880
         217    2.275437
         218    2.362173
         219    2.353556
         220    2.364697
         221    2.368831
         222    2.398816
         223    2.384107
         224    2.390678
         225    2.384933
         226    2.400514
         227    2.366046
         228    2.381713
         229    2.388763
         230    2.395900
         231    2.372617
         232    2.304552
         233    2.299678
         234    2.464183
         235    2.315954
         236    2.302115
         237    2.303334
         238    2.310210
         239    2.494429
         240    2.306424
         241    2.381191
         242    2.386065
         243    2.346462
         244    2.366176
         245    2.401558
         246    2.367961
         247    2.386108
         248    2.323092
         249    2.398903
         250    2.310645
         251    2.366176
         252    2.319262
         253    2.299156
         254    2.440595
         255    2.357037
         256    2.405257
         257    2.443903
         258    2.393463
         259    2.386370
         260    2.365828
         261    2.381408
         262    2.373444
         263    2.288972
         264    2.315040
         265    2.365437
         266    2.332492
         267    2.315128
         268    2.348290
         269    2.364914
         270    2.371747
         271    2.360171
         272    2.309731
         273    2.402864
         274    2.365698
         275    2.388371
         276    2.331709
         277    2.386065
         278    2.394987
         279    2.406650
         280    2.350944
         281    2.442249
         282    2.356297
         283    2.372269
         284    2.365262
         285    2.374358
         286    2.422622
         287    2.351031
         288    2.320045
         289    2.399338
         290    2.346418
         291    2.421577
         292    2.386674
         293    2.375054
         294    2.389111
         295    2.380625
         296    2.304335
         297    2.383541
         298    2.391331
         299    2.320916
         300    2.290104
         301    2.303160
         302    2.313822
         303    2.327574
         304    2.347463
         305    2.409218
         306    2.350379
         307    2.310863
         308    2.305684
         309    2.407955
         310    2.323179
         311    2.422535
         312    2.307903
         313    2.383019
         314    2.354121
         315    2.387849
         316    2.289103
         317    2.295195
         318    2.351815
         319    2.350205
         320    2.374358
         321    2.379798
         322    2.290017
         323    2.364740
         324    2.333536
         325    2.320480
         326    2.321351
         327    2.435547
         328    2.351815
         329    2.316651
         330    2.305727
         331    2.326138
         332    2.375707
         333    2.408086
         334    2.381713
         335    2.318566
         336    2.356950
         337    2.405518
         338    2.336713
         339    2.406302
         340    2.381931
         341    2.342023
         342    2.390243
         343    2.469623
         344    2.348638
         345    2.458134
         346    2.336191
         347    2.390896
         348    2.436417
         349    2.321264
         350    2.322831
         351    2.380712
         352    2.380146
         353    2.472365
         354    2.289016
         355    2.430847
         356    2.371573
         357    2.349508
         358    2.359387
         359    2.428801
         360    2.372182
         361    2.324310
         362    2.359213
         363    2.393333
         364    2.404909
         365    2.386979
         366    2.306989
         367    2.298764
         368    2.341457
         369    2.386021
         370    2.314562
         371    2.396336
         372    2.307337
         373    2.384150
         374    2.298721
         375    2.373749
         376    2.396205
         377    2.334102
         378    2.357603
         379    2.411785
         380    2.291757
         381    2.358778
         382    2.395378
         383    2.310036
         384    2.310340
         385    2.330882
         386    2.401123
         387    2.325137
         388    2.306032
         389    2.286100
         390    2.352990
         391    2.446862
         392    2.392723
         393    2.312734
         394    2.389634
         395    2.374402
         396    2.291235
         397    2.298416
         398    2.311254
         399    2.382888
         400    2.399556
         401    2.353469
         402    2.382105
         403    2.308425
         404    2.317782
         405    2.297589
         406    2.374967
         407    2.325442
         408    2.420924
         409    2.500174
         410    2.404300
         411    2.419619
         412    2.371355
         413    2.388328
         414    2.341196
         415    2.339281
         416    2.369136
         417    2.380538
         418    2.346549
         419    2.375403
         420    2.450300
         421    2.389416
         422    2.280529
         423    2.395378
         424    2.304944
         425    2.385282
         426    2.341283
         427    2.383715
         428    2.290452
         429    2.400470
         430    2.429150
         431    2.365654
         432    2.366307
         433    2.286709
         434    2.403647
         435    2.300374
         436    2.329228
         437    2.345113
         438    2.428584
         439    2.392114
         440    2.287536
         441    2.303856
         442    2.364914
         443    2.380886
         444    2.293890
         445    2.330359
         446    2.322395
         447    2.390504
         448    2.439681
         449    2.376099
         450    2.312995
         451    2.447994
         452    2.306946
         453    2.378492
         454    2.369658
         455    2.383497
         456    2.384455
         457    2.343633
         458    2.368265
         459    2.390504
         460    2.370528
         461    2.392985
         462    2.309688
         463    2.394769
         464    2.362782
         465    2.411785
         466    2.308208
         467    2.386761
         468    2.360345
         469    2.382409
         470    2.389155
         471    2.292584
         472    2.466403
         473    2.328401
         474    2.347028
         475    2.371747
         476    2.406258
         477    2.325703
         478    2.401514
         479    2.293237
         480    2.357211
         481    2.396031
         482    2.412394
         483    2.363870
         484    2.318479
         485    2.288929
         486    2.385412
         487    2.324006
         488    2.324963
         489    2.305684
         490    2.337105
         491    2.395987
         492    2.331273
         493    2.362434
         494    2.309165
         495    2.387371
         496    2.356602
         497    2.284751
         498    2.400862
         499    2.358125
         500    2.326530
         501    2.316477
         502    2.410480
         503    2.317216
         504    2.390896
         505    2.288667
         506    2.404213
         507    2.443468
         508    2.314344
         509    2.386370
         510    2.468883
         511    2.393376
         512    2.368178
         513    2.310427
         514    2.408478
         515    2.308164
         516    2.293672
         517    2.319305
         518    2.301419
         519    2.401950
         520    2.321046
         521    2.277787
         522    2.440117
         523    2.290974
         524    2.390547
         525    2.395465
         526    2.309600
         527    2.402211
         528    2.353773
         529    2.306772
         530    2.318609
         531    2.387414
         532    2.375272
         533    2.410480
         534    2.314083
         535    2.325703
         536    2.350727
         537    2.371529
         538    2.344112
         539    2.330403
         540    2.357124
         541    2.406693
         542    2.367612
         543    2.385804
         544    2.367830
         545    2.279267
         546    2.326530
         547    2.360388
         548    2.384585
         549    2.463400
         550    2.351728
         551    2.449865
         552    2.375707
         553    2.393289
         554    2.368309
         555    2.430238
         556    2.335495
         557    2.353991
         558    2.310210
         559    2.341501
         560    2.336931
         561    2.339760
         562    2.341501
         563    2.367961
         564    2.493124
         565    2.365219
         566    2.377404
         567    2.329794
         568    2.378362
         569    2.324354
         570    2.380843
         571    2.388633
         572    2.312255
         573    2.470058
         574    2.313952
         575    2.293933
         576    2.344025
         577    2.366960
         578    2.227870
         579    2.508008
         580    2.366612
         581    2.322961
         582    2.429585
         583    2.360301
         584    2.384194
         585    2.402994
         586    2.286491
         587    2.391723
         588    2.367047
         589    2.362869
         590    2.368700
         591    2.359344
         592    2.316781
         593    2.396945
         594    2.376142
         595    2.338454
         596    2.320480
         597    2.313952
         598    2.389155
         599    2.415180
         600    2.364000
         601    2.338541
         602    2.372574
         603    2.390112
         604    2.393463
         605    2.387719
         606    2.311341
         607    2.360475
         608    2.429585
         609    2.385586
         610    2.366089
         611    2.395335
         612    2.357733
         613    2.405518
         614    2.370572
         615    2.321481
         616    2.312995
         617    2.312560
         618    2.406693
         619    2.405301
         620    2.306380
         621    2.294412
         622    2.310036
         623    2.294020
         624    2.400905
         625    2.325790
         626    2.274219
         627    2.328793
         628    2.373923
         629    2.364392
         630    2.378971
         631    2.409348
         632    2.405344
         633    2.320655
         634    2.322134
         635    2.321003
         636    2.373052
         637    2.338759
         638    2.370833
         639    2.378101
         640    2.312777
         641    2.407346
         642    2.386674
         643    2.402428
         644    2.308034
         645    2.321960
         646    2.409392
         647    2.393463
         648    2.383932
         649    2.358038
         650    2.343720
         651    2.332535
         652    2.372530
         653    2.393115
         654    2.380930
         655    2.326486
         656    2.353817
         657    2.294804
         658    2.362216
         659    2.339934
         660    2.315258
         661    2.292628
         662    2.406128
         663    2.376099
         664    2.333798
         665    2.404387
         666    2.350248
         667    2.337453
         668    2.448864
         669    2.397293
         670    2.367482
         671    2.290452
         672    2.322134
         673    2.320480
         674    2.447950
         675    2.412656
         676    2.384803
         677    2.285665
         678    2.307555
         679    2.359083
         680    2.394029
         681    2.465141
         682    2.312734
         683    2.295587
         684    2.363217
         685    2.377622
         686    2.297154
         687    2.332231
         688    2.394377
         689    2.344721
         690    2.445644
         691    2.408608
         692    2.388546
         693    2.372095
         694    2.355819
         695    2.323005
         696    2.390547
         697    2.384585
         698    2.326747
         699    2.384324
         700    2.439464
         701    2.351510
         702    2.371399
         703    2.394116
         704    2.298155
         705    2.292062
         706    2.310253
         707    2.294891
         708    2.410088
         709    2.325485
         710    2.404778
         711    2.388850
         712    2.307033
         713    2.321917
         714    2.312777
         715    2.321220
         716    2.319001
         717    2.324919
         718    2.422622
         719    2.386631
         720    2.364566
         721    2.444469
         722    2.440291
         723    2.252198
         724    2.370746
         725    2.322613
         726    2.409392
         727    2.390635
         728    2.387849
         729    2.381321
         730    2.445731
         731    2.378797
         732    2.322221
         733    2.349378
         734    2.303203
         735    2.348638
         736    2.377796
         737    2.390765
         738    2.386326
         739    2.289842
         740    2.322961
         741    2.434894
         742    2.339890
         743    2.298372
         744    2.316868
         745    2.424798
         746    2.313256
         747    2.332840
         748    2.298808
         749    2.374184
         750    2.392680
         751    2.378188
         752    2.388763
         753    2.378536
         754    2.383062
         755    2.330142
         756    2.269954
         757    2.336148
         758    2.450605
         759    2.470058
         760    2.302942
         761    2.439986
         762    2.272739
         763    2.347985
         764    2.345722
         765    2.361041
         766    2.308208
         767    2.345113
         768    2.326530
         769    2.336235
         770    2.377840
         771    2.373662
         772    2.296675
         773    2.385325
         774    2.305814
         775    2.354861
         776    2.290191
         777    2.427844
         778    2.411829
         779    2.390939
         780    2.374706
         781    2.358517
         782    2.325746
         783    2.381756
         784    2.384455
         785    2.374358
         786    2.334668
         787    2.393811
         788    2.364566
         789    2.411785
         790    2.291670
         791    2.381495
         792    2.305684
         793    2.416529
         794    2.394290
         795    2.390896
         796    2.375141
         797    2.384977
         798    2.347637
         799    2.386805
         800    2.282575
         801    2.399251
         802    2.378275
         803    2.301288
         804    2.325398
         805    2.338454
         806    2.418661
         807    2.341065
         808    2.381626
         809    2.374271
         810    2.320306
         811    2.393724
         812    2.377056
         813    2.340630
         814    2.414092
         815    2.314649
         816    2.309775
         817    2.383193
         818    2.319305
         819    2.489251
         820    2.362129
         821    2.323831
         822    2.388807
         823    2.323266
         824    2.403821
         825    2.380277
         826    2.376621
         827    2.311428
         828    2.365001
         829    2.390635
         830    2.374445
         831    2.317304
         832    2.376969
         833    2.427801
         834    2.314692
         835    2.422056
         836    2.373923
         837    2.327357
         838    2.393507
         839    2.421882
         840    2.318217
         841    2.364305
         842    2.352424
         843    2.365219
         844    2.391331
         845    2.391984
         846    2.378710
         847    2.315302
         848    2.359474
         849    2.352163
         850    2.416529
         851    2.347898
         852    2.305945
         853    2.375141
         854    2.395857
         855    2.292062
         856    2.382888
         857    2.391592
         858    2.380277
         859    2.333362
         860    2.371877
         861    2.301680
         862    2.345417
         863    2.352816
         864    2.389808
         865    2.417791
         866    2.373183
         867    2.399643
         868    2.376099
         869    2.406867
         870    2.304770
         871    2.355949
         872    2.457220
         873    2.294281
         874    2.373401
         875    2.288145
         876    2.322221
         877    2.289146
         878    2.319741
         879    2.364392
         880    2.359735
         881    2.365045
         882    2.248803
         883    2.299504
         884    2.365915
         885    2.318479
         886    2.457263
         887    2.455653
         888    2.377883
         889    2.384150
         890    2.357472
         891    2.358604
         892    2.357864
         893    2.341501
         894    2.354600
         895    2.382540
         896    2.336322
         897    2.371268
         898    2.359997
         899    2.347028
         900    2.339977
         901    2.307337
         902    2.346288
         903    2.363043
         904    2.384368
         905    2.356733
         906    2.349726
         907    2.349030
         908    2.343894
         909    2.392375
         910    2.361346
         911    2.317782
         912    2.366350
         913    2.382888
         914    2.326356
         915    2.387545
         916    2.345026
         917    2.464879
         918    2.270911
         919    2.378275
         920    2.417443
         921    2.340326
         922    2.445470
         923    2.342763
         924    2.310732
         925    2.421838
         926    2.301636
         927    2.364610
         928    2.367612
         929    2.363957
         930    2.462965
         931    2.489164
         932    2.337192
         933    2.325442
         934    2.393855
         935    2.324615
         936    2.436243
         937    2.366437
         938    2.301201
         939    2.377666
         940    2.317521
         941    2.319523
         942    2.349204
         943    2.370180
         944    2.289494
         945    2.454957
         946    2.364349
         947    2.344852
         948    2.310601
         949    2.289929
         950    2.319958
         951    2.388023
         952    2.397641
         953    2.293716
         954    2.307512
         955    2.388284
         956    2.310253
         957    2.315911
         958    2.313604
         959    2.352163
         960    2.446514
         961    2.315302
         962    2.461485
         963    2.371399
         964    2.373531
         965    2.401210
         966    2.308556
         967    2.377796
         968    2.289625
         969    2.383758
         970    2.383280
         971    2.429759
         972    2.370093
         973    2.388459
         974    2.449560
         975    2.373227
         976    2.376621
         977    2.390852
         978    2.310514
         979    2.411742
         980    2.390243
         981    2.402428
         982    2.373488
         983    2.370964
         984    2.364087
         985    2.341501
         986    2.363696
         987    2.317086
         988    2.372226
         989    2.355645
