         IDX      L1D-WB
           0        3543
           1        3579
           2        3570
           3        3542
           4        3554
           5        3574
           6        3639
           7        3544
           8        3636
           9        3699
          10        3663
          11        3664
          12        3541
          13        3663
          14        3665
          15        3672
          16        3665
          17        3784
          18        3665
          19        3663
          20        3544
          21        3669
          22        3619
          23        3671
          24        3545
          25        3537
          26        3536
          27        3714
          28        3668
          29        3543
          30        3662
          31        3741
          32        3666
          33        3540
          34        3616
          35        3539
          36        3539
          37        3665
          38        3668
          39        3663
          40        3656
          41        3736
          42        3669
          43        3667
          44        3676
          45        3667
          46        3664
          47        3711
          48        3547
          49        3666
          50        3686
          51        3538
          52        3673
          53        3666
          54        3546
          55        3666
          56        3600
          57        3666
          58        3666
          59        3542
          60        3665
          61        3671
          62        3544
          63        3668
          64        3644
          65        3542
          66        3669
          67        3667
          68        3737
          69        3538
          70        3671
          71        3666
          72        3666
          73        3670
          74        3740
          75        3668
          76        3543
          77        3663
          78        3666
          79        3546
          80        3667
          81        3743
          82        3678
          83        3660
          84        3550
          85        3541
          86        3725
          87        3669
          88        3677
          89        3665
          90        3618
          91        3542
          92        3539
          93        3544
          94        3664
          95        3741
          96        3666
          97        3544
          98        3535
          99        3536
         100        3663
         101        3670
         102        3793
         103        3544
         104        3595
         105        3685
         106        3666
         107        3666
         108        3543
         109        3785
         110        3663
         111        3664
         112        3669
         113        3666
         114        3687
         115        3594
         116        3664
         117        3665
         118        3539
         119        3685
         120        3542
         121        3666
         122        3541
         123        3543
         124        3648
         125        3667
         126        3616
         127        3576
         128        3725
         129        3666
         130        3667
         131        3665
         132        3551
         133        3546
         134        3669
         135        3617
         136        3793
         137        3541
         138        3737
         139        3540
         140        3666
         141        3548
         142        3669
         143        3785
         144        3665
         145        3542
         146        3669
         147        3539
         148        3545
         149        3669
         150        3539
         151        3741
         152        3614
         153        3543
         154        3664
         155        3541
         156        3670
         157        3547
         158        3541
         159        3612
         160        3544
         161        3598
         162        3544
         163        3549
         164        3666
         165        3667
         166        3544
         167        3665
         168        3767
         169        3538
         170        3538
         171        3669
         172        3617
         173        3659
         174        3540
         175        3665
         176        3547
         177        3542
         178        3553
         179        3787
         180        3664
         181        3615
         182        3543
         183        3546
         184        3543
         185        3666
         186        3550
         187        3546
         188        3544
         189        3669
         190        3597
         191        3549
         192        3541
         193        3542
         194        3538
         195        3621
         196        3618
         197        3545
         198        3658
         199        3546
         200        3664
         201        3913
         202        3544
         203        3616
         204        3544
         205        3788
         206        3549
         207        3549
         208        3660
         209        3673
         210        3541
         211        3596
         212        3667
         213        3669
         214        3546
         215        3668
         216        3546
         217        3543
         218        3663
         219        3663
         220        3663
         221        3663
         222        3663
         223        3663
         224        3663
         225        3663
         226        3663
         227        3663
         228        3663
         229        3663
         230        3663
         231        3663
         232        3537
         233        3552
         234        3795
         235        3543
         236        3544
         237        3543
         238        3542
         239        3857
         240        3545
         241        3667
         242        3616
         243        3615
         244        3651
         245        3666
         246        3667
         247        3665
         248        3547
         249        3691
         250        3546
         251        3674
         252        3569
         253        3542
         254        3785
         255        3616
         256        3670
         257        3747
         258        3669
         259        3666
         260        3669
         261        3668
         262        3666
         263        3546
         264        3539
         265        3614
         266        3596
         267        3541
         268        3616
         269        3596
         270        3668
         271        3614
         272        3544
         273        3671
         274        3643
         275        3672
         276        3595
         277        3669
         278        3736
         279        3667
         280        3588
         281        3795
         282        3635
         283        3618
         284        3665
         285        3716
         286        3712
         287        3594
         288        3542
         289        3668
         290        3594
         291        3744
         292        3665
         293        3664
         294        3666
         295        3666
         296        3550
         297        3670
         298        3667
         299        3535
         300        3537
         301        3542
         302        3547
         303        3537
         304        3586
         305        3734
         306        3617
         307        3539
         308        3539
         309        3731
         310        3548
         311        3739
         312        3550
         313        3666
         314        3665
         315        3666
         316        3547
         317        3541
         318        3616
         319        3661
         320        3612
         321        3669
         322        3544
         323        3580
         324        3550
         325        3545
         326        3585
         327        3738
         328        3554
         329        3543
         330        3543
         331        3554
         332        3675
         333        3691
         334        3676
         335        3540
         336        3629
         337        3720
         338        3593
         339        3668
         340        3670
         341        3613
         342        3681
         343        3730
         344        3662
         345        3786
         346        3542
         347        3666
         348        3740
         349        3539
         350        3541
         351        3666
         352        3672
         353        3784
         354        3536
         355        3751
         356        3614
         357        3615
         358        3614
         359        3722
         360        3666
         361        3543
         362        3619
         363        3668
         364        3667
         365        3667
         366        3545
         367        3552
         368        3613
         369        3665
         370        3543
         371        3668
         372        3559
         373        3693
         374        3542
         375        3668
         376        3669
         377        3546
         378        3663
         379        3666
         380        3551
         381        3671
         382        3738
         383        3547
         384        3542
         385        3588
         386        3665
         387        3543
         388        3544
         389        3541
         390        3599
         391        3737
         392        3667
         393        3539
         394        3663
         395        3669
         396        3542
         397        3540
         398        3541
         399        3669
         400        3668
         401        3659
         402        3668
         403        3539
         404        3538
         405        3541
         406        3665
         407        3545
         408        3739
         409        3849
         410        3665
         411        3714
         412        3666
         413        3666
         414        3585
         415        3622
         416        3667
         417        3665
         418        3544
         419        3668
         420        3790
         421        3666
         422        3539
         423        3665
         424        3536
         425        3669
         426        3542
         427        3668
         428        3537
         429        3685
         430        3713
         431        3614
         432        3665
         433        3544
         434        3727
         435        3540
         436        3595
         437        3617
         438        3736
         439        3740
         440        3540
         441        3538
         442        3670
         443        3692
         444        3546
         445        3537
         446        3542
         447        3697
         448        3792
         449        3670
         450        3535
         451        3761
         452        3540
         453        3671
         454        3634
         455        3667
         456        3667
         457        3607
         458        3597
         459        3712
         460        3667
         461        3668
         462        3539
         463        3666
         464        3671
         465        3692
         466        3540
         467        3702
         468        3652
         469        3666
         470        3666
         471        3549
         472        3792
         473        3623
         474        3612
         475        3666
         476        3740
         477        3544
         478        3665
         479        3546
         480        3662
         481        3667
         482        3740
         483        3666
         484        3545
         485        3542
         486        3678
         487        3539
         488        3543
         489        3540
         490        3538
         491        3654
         492        3546
         493        3613
         494        3546
         495        3671
         496        3623
         497        3541
         498        3668
         499        3669
         500        3541
         501        3595
         502        3692
         503        3593
         504        3667
         505        3542
         506        3718
         507        3736
         508        3539
         509        3666
         510        3785
         511        3674
         512        3666
         513        3538
         514        3671
         515        3548
         516        3543
         517        3592
         518        3542
         519        3682
         520        3545
         521        3546
         522        3742
         523        3547
         524        3672
         525        3663
         526        3542
         527        3668
         528        3614
         529        3551
         530        3550
         531        3666
         532        3668
         533        3671
         534        3545
         535        3541
         536        3618
         537        3661
         538        3611
         539        3545
         540        3667
         541        3670
         542        3665
         543        3664
         544        3664
         545        3538
         546        3538
         547        3613
         548        3665
         549        3788
         550        3614
         551        3738
         552        3664
         553        3664
         554        3619
         555        3743
         556        3584
         557        3668
         558        3541
         559        3620
         560        3591
         561        3591
         562        3593
         563        3621
         564        3880
         565        3666
         566        3665
         567        3547
         568        3666
         569        3537
         570        3669
         571        3667
         572        3557
         573        3775
         574        3538
         575        3538
         576        3632
         577        3685
         578        3423
         579        3853
         580        3664
         581        3547
         582        3737
         583        3624
         584        3665
         585        3671
         586        3545
         587        3662
         588        3598
         589        3613
         590        3613
         591        3664
         592        3550
         593        3672
         594        3666
         595        3620
         596        3544
         597        3539
         598        3666
         599        3664
         600        3681
         601        3603
         602        3666
         603        3664
         604        3667
         605        3666
         606        3542
         607        3615
         608        3716
         609        3667
         610        3667
         611        3663
         612        3666
         613        3666
         614        3665
         615        3545
         616        3542
         617        3539
         618        3672
         619        3668
         620        3544
         621        3541
         622        3541
         623        3543
         624        3669
         625        3545
         626        3545
         627        3612
         628        3610
         629        3667
         630        3663
         631        3664
         632        3665
         633        3538
         634        3615
         635        3552
         636        3664
         637        3588
         638        3664
         639        3665
         640        3542
         641        3665
         642        3634
         643        3710
         644        3547
         645        3541
         646        3624
         647        3666
         648        3671
         649        3664
         650        3591
         651        3619
         652        3665
         653        3660
         654        3666
         655        3615
         656        3667
         657        3549
         658        3620
         659        3617
         660        3543
         661        3545
         662        3706
         663        3665
         664        3541
         665        3691
         666        3670
         667        3542
         668        3785
         669        3665
         670        3611
         671        3552
         672        3541
         673        3550
         674        3740
         675        3666
         676        3688
         677        3541
         678        3540
         679        3613
         680        3671
         681        3792
         682        3542
         683        3541
         684        3664
         685        3663
         686        3545
         687        3548
         688        3670
         689        3541
         690        3787
         691        3667
         692        3668
         693        3670
         694        3617
         695        3552
         696        3722
         697        3671
         698        3549
         699        3676
         700        3793
         701        3667
         702        3659
         703        3668
         704        3545
         705        3540
         706        3543
         707        3541
         708        3736
         709        3552
         710        3666
         711        3667
         712        3543
         713        3542
         714        3548
         715        3549
         716        3546
         717        3546
         718        3721
         719        3673
         720        3666
         721        3795
         722        3793
         723        3541
         724        3667
         725        3545
         726        3664
         727        3665
         728        3667
         729        3620
         730        3740
         731        3664
         732        3536
         733        3586
         734        3551
         735        3621
         736        3704
         737        3664
         738        3663
         739        3540
         740        3616
         741        3714
         742        3542
         743        3541
         744        3547
         745        3669
         746        3539
         747        3541
         748        3541
         749        3669
         750        3707
         751        3670
         752        3670
         753        3587
         754        3661
         755        3545
         756        3543
         757        3612
         758        3788
         759        3794
         760        3544
         761        3780
         762        3541
         763        3617
         764        3615
         765        3667
         766        3541
         767        3590
         768        3588
         769        3618
         770        3664
         771        3663
         772        3544
         773        3612
         774        3545
         775        3667
         776        3547
         777        3718
         778        3692
         779        3665
         780        3612
         781        3618
         782        3545
         783        3664
         784        3666
         785        3663
         786        3541
         787        3671
         788        3591
         789        3738
         790        3538
         791        3663
         792        3546
         793        3715
         794        3667
         795        3667
         796        3667
         797        3665
         798        3625
         799        3665
         800        3553
         801        3666
         802        3671
         803        3542
         804        3543
         805        3549
         806        3694
         807        3614
         808        3664
         809        3684
         810        3587
         811        3657
         812        3663
         813        3623
         814        3733
         815        3538
         816        3543
         817        3667
         818        3541
         819        3787
         820        3618
         821        3544
         822        3666
         823        3554
         824        3677
         825        3668
         826        3669
         827        3539
         828        3665
         829        3664
         830        3671
         831        3608
         832        3672
         833        3727
         834        3555
         835        3725
         836        3666
         837        3541
         838        3669
         839        3737
         840        3543
         841        3666
         842        3608
         843        3665
         844        3664
         845        3671
         846        3663
         847        3549
         848        3623
         849        3615
         850        3662
         851        3666
         852        3543
         853        3665
         854        3669
         855        3539
         856        3670
         857        3664
         858        3666
         859        3595
         860        3667
         861        3545
         862        3555
         863        3615
         864        3667
         865        3669
         866        3669
         867        3663
         868        3664
         869        3668
         870        3543
         871        3659
         872        3778
         873        3539
         874        3662
         875        3500
         876        3542
         877        3548
         878        3550
         879        3657
         880        3660
         881        3605
         882        3426
         883        3544
         884        3596
         885        3545
         886        3794
         887        3781
         888        3690
         889        3638
         890        3615
         891        3670
         892        3627
         893        3572
         894        3570
         895        3700
         896        3579
         897        3633
         898        3619
         899        3597
         900        3618
         901        3543
         902        3586
         903        3615
         904        3663
         905        3591
         906        3613
         907        3549
         908        3610
         909        3649
         910        3619
         911        3547
         912        3621
         913        3667
         914        3542
         915        3664
         916        3553
         917        3788
         918        3542
         919        3663
         920        3668
         921        3539
         922        3791
         923        3593
         924        3540
         925        3772
         926        3540
         927        3667
         928        3661
         929        3616
         930        3788
         931        3792
         932        3542
         933        3545
         934        3664
         935        3542
         936        3786
         937        3662
         938        3541
         939        3672
         940        3541
         941        3544
         942        3610
         943        3663
         944        3552
         945        3783
         946        3667
         947        3611
         948        3542
         949        3542
         950        3543
         951        3666
         952        3666
         953        3545
         954        3542
         955        3678
         956        3542
         957        3545
         958        3543
         959        3668
         960        3792
         961        3538
         962        3736
         963        3666
         964        3665
         965        3665
         966        3540
         967        3663
         968        3545
         969        3667
         970        3668
         971        3739
         972        3666
         973        3667
         974        3790
         975        3664
         976        3663
         977        3665
         978        3537
         979        3663
         980        3663
         981        3663
         982        3663
         983        3663
         984        3665
         985        3590
         986        3616
         987        3544
         988        3673
         989        3656
