         IDX  CYCLES_DEG
           0    2.744531
           1    2.745551
           2    2.756556
           3    2.741291
           4    2.715642
           5    2.770978
           6    2.756468
           7    2.675128
           8    2.702063
           9    2.745773
          10    2.768982
          11    2.708143
          12    2.657377
          13    2.657067
          14    2.752785
          15    2.724606
          16    2.755314
          17    2.732505
          18    2.737386
          19    2.735079
          20    2.608121
          21    2.644287
          22    2.689771
          23    2.740493
          24    2.711737
          25    2.737919
          26    2.749190
          27    2.659552
          28    2.659286
          29    2.762192
          30    2.638074
          31    2.628667
          32    2.796672
          33    2.837408
          34    2.729842
          35    2.641580
          36    2.812159
          37    2.681562
          38    2.690215
          39    2.624806
          40    2.671799
          41    2.677479
          42    2.713157
          43    2.665942
          44    2.661637
          45    2.638740
          46    2.643887
          47    2.648014
          48    2.700688
          49    2.716397
          50    2.728201
          51    2.727269
          52    2.752607
          53    2.695185
          54    2.798314
          55    2.738096
          56    2.645973
          57    2.737963
          58    2.769647
          59    2.686044
          60    2.780697
          61    2.739294
          62    2.642512
          63    2.656179
          64    2.744797
          65    2.625649
          66    2.759885
          67    2.773774
          68    2.734724
          69    2.738895
          70    2.795518
          71    2.635101
          72    2.658842
          73    2.664122
          74    2.633060
          75    2.768538
          76    2.736898
          77    2.647615
          78    2.640559
          79    2.742756
          80    2.692301
          81    2.692301
          82    2.773685
          83    2.751986
          84    2.725804
          85    2.716840
          86    2.748214
          87    2.725760
          88    2.704637
          89    2.716619
          90    2.710450
          91    2.722166
          92    2.662481
          93    2.636122
          94    2.634524
          95    2.820235
          96    2.736233
          97    2.730197
          98    2.644597
          99    2.657821
         100    2.746261
         101    2.654138
         102    2.737741
         103    2.799201
         104    2.796272
         105    2.719814
         106    2.648680
         107    2.656357
         108    2.743821
         109    2.652895
         110    2.655780
         111    2.644775
         112    2.749057
         113    2.728644
         114    2.630353
         115    2.650987
         116    2.651564
         117    2.636920
         118    2.655824
         119    2.664832
         120    2.695629
         121    2.723586
         122    2.677080
         123    2.746394
         124    2.663146
         125    2.667007
         126    2.734813
         127    2.692301
         128    2.734768
         129    2.757444
         130    2.655957
         131    2.731129
         132    2.731129
         133    2.656534
         134    2.645884
         135    2.635900
         136    2.636388
         137    2.753406
         138    2.795385
         139    2.729044
         140    2.720746
         141    2.734058
         142    2.711427
         143    2.855736
         144    2.714666
         145    2.651165
         146    2.743554
         147    2.713157
         148    2.677790
         149    2.662081
         150    2.711116
         151    2.727313
         152    2.675172
         153    2.654271
         154    2.736809
         155    2.701620
         156    2.665498
         157    2.668427
         158    2.766585
         159    2.682272
         160    2.747060
         161    2.723763
         162    2.741114
         163    2.754959
         164    2.729976
         165    2.656801
         166    2.727579
         167    2.706057
         168    2.707610
         169    2.728334
         170    2.641269
         171    2.753539
         172    2.737475
         173    2.733259
         174    2.680675
         175    2.656667
         176    2.682938
         177    2.751098
         178    2.670291
         179    2.619481
         180    2.736676
         181    2.746528
         182    2.797604
         183    2.708365
         184    2.690615
         185    2.733526
         186    2.766497
         187    2.666563
         188    2.653783
         189    2.726292
         190    2.642955
         191    2.757976
         192    2.736765
         193    2.737919
         194    2.694431
         195    2.653073
         196    2.721056
         197    2.774262
         198    2.722077
         199    2.782205
         200    2.735744
         201    2.750300
         202    2.724872
         203    2.757976
         204    2.639849
         205    2.732239
         206    2.736055
         207    2.719725
         208    2.697315
         209    2.751010
         210    2.762858
         211    2.742223
         212    2.738540
         213    2.735966
         214    2.734236
         215    2.751498
         216    2.648059
         217    2.676059
         218    2.714355
         219    2.755713
         220    2.732505
         221    2.659330
         222    2.665321
         223    2.711693
         224    2.813978
         225    2.756556
         226    2.753716
         227    2.736233
         228    2.721544
         229    2.652452
         230    2.748170
         231    2.731307
         232    2.698469
         233    2.665853
         234    2.651520
         235    2.633903
         236    2.651609
         237    2.629554
         238    2.662259
         239    2.752563
         240    2.735212
         241    2.696872
         242    2.740759
         243    2.655425
         244    2.724828
         245    2.655647
         246    2.676193
         247    2.714622
         248    2.699578
         249    2.734679
         250    2.700288
         251    2.725361
         252    2.710362
         253    2.787708
         254    2.749723
         255    2.637408
         256    2.666519
         257    2.721500
         258    2.823164
         259    2.733703
         260    2.657910
         261    2.661682
         262    2.716175
         263    2.637142
         264    2.660883
         265    2.739516
         266    2.693144
         267    2.687375
         268    2.679343
         269    2.651919
         270    2.658975
         271    2.720302
         272    2.671622
         273    2.711160
         274    2.696605
         275    2.743954
         276    2.640160
         277    2.748924
         278    2.742933
         279    2.790326
         280    2.672243
         281    2.741957
         282    2.726470
         283    2.646772
         284    2.725982
         285    2.716885
         286    2.682760
         287    2.779144
         288    2.693854
         289    2.635012
         290    2.720923
         291    2.682716
         292    2.702685
         293    2.698336
         294    2.698735
         295    2.736454
         296    2.722254
         297    2.755225
         298    2.623297
         299    2.625028
         300    2.808387
         301    2.723985
         302    2.697537
         303    2.623608
         304    2.730641
         305    2.814245
         306    2.709385
         307    2.754426
         308    2.647038
         309    2.736588
         310    2.717728
         311    2.707877
         312    2.713734
         313    2.807721
         314    2.756157
         315    2.836299
         316    2.720479
         317    2.621123
         318    2.741646
         319    2.731440
         320    2.737431
         321    2.668116
         322    2.701797
         323    2.816730
         324    2.738851
         325    2.674240
         326    2.651875
         327    2.770579
         328    2.742090
         329    2.735434
         330    2.699889
         331    2.725449
         332    2.718837
         333    2.750122
         334    2.673530
         335    2.734103
         336    2.737741
         337    2.710717
         338    2.737830
         339    2.650410
         340    2.666874
         341    2.746306
         342    2.718039
         343    2.668205
         344    2.737741
         345    2.783581
         346    2.652540
         347    2.748347
         348    2.652230
         349    2.738629
         350    2.744797
         351    2.727491
         352    2.726470
         353    2.708631
         354    2.708675
         355    2.738229
         356    2.804793
         357    2.691591
         358    2.671489
         359    2.772753
         360    2.744398
         361    2.637897
         362    2.667628
         363    2.737697
         364    2.701886
         365    2.715509
         366    2.675660
         367    2.718039
         368    2.769692
         369    2.750921
         370    2.637985
         371    2.783182
         372    2.690659
         373    2.719547
         374    2.664034
         375    2.713246
         376    2.653606
         377    2.749101
         378    2.824273
         379    2.666252
         380    2.692700
         381    2.746306
         382    2.719725
         383    2.690348
         384    2.719725
         385    2.640737
         386    2.660972
         387    2.680896
         388    2.698247
         389    2.662569
         390    2.661016
         391    2.743421
         392    2.663013
         393    2.737386
         394    2.700022
         395    2.726869
         396    2.772043
         397    2.740404
         398    2.702241
         399    2.744841
         400    2.673175
         401    2.624140
         402    2.740182
         403    2.680320
         404    2.738629
         405    2.736765
         406    2.754205
         407    2.625072
         408    2.718394
         409    2.735212
         410    2.725449
         411    2.652008
         412    2.660617
         413    2.694697
         414    2.724118
         415    2.785267
         416    2.665454
         417    2.763745
         418    2.638296
         419    2.734147
         420    2.727091
         421    2.818061
         422    2.652363
         423    2.671666
         424    2.702019
         425    2.692390
         426    2.774484
         427    2.773375
         428    2.652407
         429    2.726026
         430    2.690215
         431    2.771866
         432    2.670734
         433    2.844864
         434    2.744220
         435    2.645884
         436    2.739472
         437    2.651387
         438    2.652496
         439    2.743732
         440    2.670291
         441    2.657333
         442    2.696650
         443    2.635012
         444    2.765653
         445    2.754870
         446    2.738851
         447    2.753361
         448    2.655691
         449    2.730153
         450    2.748436
         451    2.640737
         452    2.741513
         453    2.757621
         454    2.796938
         455    2.705924
         456    2.699534
         457    2.641402
         458    2.775771
         459    2.651387
         460    2.741779
         461    2.717639
         462    2.752651
         463    2.730508
         464    2.650366
         465    2.646284
         466    2.728112
         467    2.729354
         468    2.676326
         469    2.664744
         470    2.743288
         471    2.722964
         472    2.821433
         473    2.693321
         474    2.818904
         475    2.665809
         476    2.666297
         477    2.739960
         478    2.761615
         479    2.739117
         480    2.727979
         481    2.720036
         482    2.635855
         483    2.637142
         484    2.687553
         485    2.671267
         486    2.665676
         487    2.647349
         488    2.642867
         489    2.756157
         490    2.698292
         491    2.633060
         492    2.654094
         493    2.754737
         494    2.740359
         495    2.733348
         496    2.795341
         497    2.620102
         498    2.630797
         499    2.712980
         500    2.747992
         501    2.668249
         502    2.696383
         503    2.699534
         504    2.805236
         505    2.682494
         506    2.671666
         507    2.823519
         508    2.668915
         509    2.739472
         510    2.804571
         511    2.673397
         512    2.657599
         513    2.723541
         514    2.793699
         515    2.713601
         516    2.653916
         517    2.698513
         518    2.660617
         519    2.653827
         520    2.741602
         521    2.620102
         522    2.693987
         523    2.716619
         524    2.695585
         525    2.740448
         526    2.657866
         527    2.681118
         528    2.779632
         529    2.738851
         530    2.757710
         531    2.744575
         532    2.695585
         533    2.763479
         534    2.756823
         535    2.653162
         536    2.817883
         537    2.738141
         538    2.662170
         539    2.659685
         540    2.651431
         541    2.685245
         542    2.742268
         543    2.641225
         544    2.742534
         545    2.671356
         546    2.744264
         547    2.720391
         548    2.708054
         549    2.653606
         550    2.748746
         551    2.820324
         552    2.668649
         553    2.664921
         554    2.662702
         555    2.751143
         556    2.723586
         557    2.728689
         558    2.663590
         559    2.658797
         560    2.721589
         561    2.630264
         562    2.756379
         563    2.765254
         564    2.708498
         565    2.676769
         566    2.748303
         567    2.646062
         568    2.644553
         569    2.694653
         570    2.699268
         571    2.730774
         572    2.655691
         573    2.757843
         574    2.676947
         575    2.721367
         576    2.752430
         577    2.720213
         578    2.678101
         579    2.744220
         580    2.746350
         581    2.796494
         582    2.652585
         583    2.663856
         584    2.752518
         585    2.695452
         586    2.686221
         587    2.724473
         588    2.670956
         589    2.707877
         590    2.823341
         591    2.723941
         592    2.712758
         593    2.698292
         594    2.751231
         595    2.699800
         596    2.732949
         597    2.805014
         598    2.671489
         599    2.739294
         600    2.740848
         601    2.693987
         602    2.662747
         603    2.661105
         604    2.726869
         605    2.715243
         606    2.690570
         607    2.781850
         608    2.638340
         609    2.634879
         610    2.743066
         611    2.719592
         612    2.736987
         613    2.670912
         614    2.656490
         615    2.794586
         616    2.815088
         617    2.812070
         618    2.624185
         619    2.707788
         620    2.629643
         621    2.727402
         622    2.661726
         623    2.750521
         624    2.650410
         625    2.728378
         626    2.743688
         627    2.632660
         628    2.716264
         629    2.669004
         630    2.726248
         631    2.755580
         632    2.708365
         633    2.739561
         634    2.672909
         635    2.762902
         636    2.645973
         637    2.766363
         638    2.623430
         639    2.669181
         640    2.734857
         641    2.733792
         642    2.795074
         643    2.706013
         644    2.633503
         645    2.648769
         646    2.630974
         647    2.672554
         648    2.657466
         649    2.660794
         650    2.740359
         651    2.725139
         652    2.690970
         653    2.759041
         654    2.702640
         655    2.666341
         656    2.786732
         657    2.654049
         658    2.658221
         659    2.733481
         660    2.638828
         661    2.657289
         662    2.757488
         663    2.693543
         664    2.694963
         665    2.661460
         666    2.686088
         667    2.630930
         668    2.878234
         669    2.653073
         670    2.735345
         671    2.728378
         672    2.661371
         673    2.827646
         674    2.755713
         675    2.661682
         676    2.678500
         677    2.724917
         678    2.772177
         679    2.756778
         680    2.664034
         681    2.698957
         682    2.852363
         683    2.685822
         684    2.665764
         685    2.751409
         686    2.794897
         687    2.750122
         688    2.759219
         689    2.763302
         690    2.759663
         691    2.725893
         692    2.748702
         693    2.727491
         694    2.762237
         695    2.713779
         696    2.751054
         697    2.643488
         698    2.652052
         699    2.659108
         700    2.622942
         701    2.675571
         702    2.654715
         703    2.712669
         704    2.713779
         705    2.772842
         706    2.743466
         707    2.661238
         708    2.751498
         709    2.690038
         710    2.785090
         711    2.626847
         712    2.696028
         713    2.798047
         714    2.684136
         715    2.712447
         716    2.703173
         717    2.690526
         718    2.804881
         719    2.683648
         720    2.748436
         721    2.628045
         722    2.720213
         723    2.794764
         724    2.786510
         725    2.799024
         726    2.805192
         727    2.659197
         728    2.757222
         729    2.725094
         730    2.635367
         731    2.637053
         732    2.735656
         733    2.672110
         734    2.675571
         735    2.749856
         736    2.735567
         737    2.639627
         738    2.671578
         739    2.731484
         740    2.719414
         741    2.771688
         742    2.740537
         743    2.722432
         744    2.677657
         745    2.743909
         746    2.745463
         747    2.750876
         748    2.638074
         749    2.632793
         750    2.693499
         751    2.667406
         752    2.723541
         753    2.649168
         754    2.739960
         755    2.726514
         756    2.744753
         757    2.727313
         758    2.710628
         759    2.666252
         760    2.701708
         761    2.743466
         762    2.754915
         763    2.680142
         764    2.684535
         765    2.718216
         766    2.707566
         767    2.628356
         768    2.670024
         769    2.740759
         770    2.702907
         771    2.653517
         772    2.644553
         773    2.795163
         774    2.620368
         775    2.665143
         776    2.690215
         777    2.739783
         778    2.754870
         779    2.648857
         780    2.661593
         781    2.751720
         782    2.658753
         783    2.742268
         784    2.843577
         785    2.643754
         786    2.781185
         787    2.688085
         788    2.706013
         789    2.694475
         790    2.672332
         791    2.647615
         792    2.698292
         793    2.765875
         794    2.749235
         795    2.635500
         796    2.799467
         797    2.638473
         798    2.769203
         799    2.659197
         800    2.671356
         801    2.649212
         802    2.769869
         803    2.802352
         804    2.745640
         805    2.638562
         806    2.641092
         807    2.629643
         808    2.726869
         809    2.656623
         810    2.643444
         811    2.690748
         812    2.749101
         813    2.669980
         814    2.696383
         815    2.762503
         816    2.663412
         817    2.729798
         818    2.826093
         819    2.686133
         820    2.724828
         821    2.658576
         822    2.667717
         823    2.660351
         824    2.613668
         825    2.740626
         826    2.647127
         827    2.779854
         828    2.722609
         829    2.663324
         830    2.708675
         831    2.748391
         832    2.652984
         833    2.676725
         834    2.652452
         835    2.696250
         836    2.717639
         837    2.716974
         838    2.735256
         839    2.745152
         840    2.761127
         841    2.748880
         842    2.747504
         843    2.741602
         844    2.666164
         845    2.742312
         846    2.680231
         847    2.747193
         848    2.730907
         849    2.759973
         850    2.670601
         851    2.653872
         852    2.648192
         853    2.767961
         854    2.747548
         855    2.653872
         856    2.655913
         857    2.730641
         858    2.643044
         859    2.653783
         860    2.662081
         861    2.731440
         862    2.730686
         863    2.659463
         864    2.635678
         865    2.855026
         866    2.750122
         867    2.758775
         868    2.657954
         869    2.664300
         870    2.665942
         871    2.682272
         872    2.683603
         873    2.794941
         874    2.630442
         875    2.701353
         876    2.656801
         877    2.699179
         878    2.700865
         879    2.649434
         880    2.668072
         881    2.749501
         882    2.755491
         883    2.680719
         884    2.686488
         885    2.672288
         886    2.704415
         887    2.748214
         888    2.720169
         889    2.650987
         890    2.629022
         891    2.673841
         892    2.702152
         893    2.759130
         894    2.671444
         895    2.761660
         896    2.703972
         897    2.736676
         898    2.741069
         899    2.649967
         900    2.666652
         901    2.683470
         902    2.710939
         903    2.620146
         904    2.724473
         905    2.717817
         906    2.760994
         907    2.659463
         908    2.738806
         909    2.640604
         910    2.647526
         911    2.650499
         912    2.704548
         913    2.635145
         914    2.761704
         915    2.680453
         916    2.697582
         917    2.663412
         918    2.646905
         919    2.680985
         920    2.693588
         921    2.712270
         922    2.768360
         923    2.654094
         924    2.640115
         925    2.664566
         926    2.720169
         927    2.659818
         928    2.836787
         929    2.680497
         930    2.707167
         931    2.693410
         932    2.643577
         933    2.729266
         934    2.720036
         935    2.736454
         936    2.782383
         937    2.637453
         938    2.713335
         939    2.666430
         940    2.748214
         941    2.727668
         942    2.642556
         943    2.730730
         944    2.714045
         945    2.659507
         946    2.675882
         947    2.684091
         948    2.738274
         949    2.704637
         950    2.709385
         951    2.652851
         952    2.727801
         953    2.669847
         954    2.741957
         955    2.668516
         956    2.646994
         957    2.705525
         958    2.632660
         959    2.695052
         960    2.792323
         961    2.731484
         962    2.718039
         963    2.631906
         964    2.699578
         965    2.637719
         966    2.674063
         967    2.630397
         968    2.754116
         969    2.760107
         970    2.715598
         971    2.716840
         972    2.637275
         973    2.636743
         974    2.641979
         975    2.746794
         976    2.709785
         977    2.795740
         978    2.675172
         979    2.634169
         980    2.776703
         981    2.671844
         982    2.639272
         983    2.698913
         984    2.712092
         985    2.620191
         986    2.708720
         987    2.650499
         988    2.661593
         989    2.646772
