         IDX L1D-REFILLS
           0        3665
           1        3666
           2        3666
           3        3689
           4        3669
           5        3668
           6        3670
           7        3598
           8        3611
           9        3672
          10        3718
          11        3614
          12        3546
          13        3545
          14        3669
          15        3666
          16        3670
          17        3664
          18        3669
          19        3666
          20        3542
          21        3538
          22        3597
          23        3691
          24        3614
          25        3670
          26        3721
          27        3538
          28        3543
          29        3665
          30        3538
          31        3543
          32        3785
          33        3795
          34        3665
          35        3541
          36        3790
          37        3597
          38        3612
          39        3546
          40        3536
          41        3544
          42        3668
          43        3544
          44        3545
          45        3545
          46        3549
          47        3540
          48        3600
          49        3666
          50        3666
          51        3666
          52        3662
          53        3615
          54        3741
          55        3663
          56        3546
          57        3666
          58        3739
          59        3537
          60        3749
          61        3664
          62        3544
          63        3549
          64        3666
          65        3539
          66        3665
          67        3737
          68        3662
          69        3666
          70        3742
          71        3539
          72        3541
          73        3543
          74        3543
          75        3673
          76        3664
          77        3538
          78        3540
          79        3668
          80        3615
          81        3612
          82        3747
          83        3667
          84        3671
          85        3665
          86        3668
          87        3667
          88        3620
          89        3665
          90        3667
          91        3667
          92        3546
          93        3546
          94        3541
          95        3790
          96        3671
          97        3666
          98        3539
          99        3537
         100        3665
         101        3541
         102        3714
         103        3742
         104        3737
         105        3627
         106        3546
         107        3541
         108        3665
         109        3554
         110        3547
         111        3538
         112        3665
         113        3659
         114        3540
         115        3540
         116        3544
         117        3544
         118        3547
         119        3551
         120        3615
         121        3616
         122        3545
         123        3663
         124        3544
         125        3545
         126        3669
         127        3617
         128        3673
         129        3667
         130        3539
         131        3665
         132        3666
         133        3547
         134        3537
         135        3539
         136        3539
         137        3694
         138        3739
         139        3665
         140        3620
         141        3669
         142        3623
         143        3787
         144        3670
         145        3547
         146        3670
         147        3659
         148        3545
         149        3547
         150        3669
         151        3664
         152        3542
         153        3546
         154        3669
         155        3615
         156        3548
         157        3544
         158        3717
         159        3595
         160        3670
         161        3665
         162        3669
         163        3667
         164        3664
         165        3545
         166        3669
         167        3622
         168        3669
         169        3665
         170        3540
         171        3713
         172        3667
         173        3673
         174        3542
         175        3541
         176        3543
         177        3718
         178        3545
         179        3540
         180        3672
         181        3665
         182        3737
         183        3617
         184        3618
         185        3669
         186        3666
         187        3543
         188        3555
         189        3666
         190        3543
         191        3671
         192        3668
         193        3668
         194        3618
         195        3541
         196        3667
         197        3732
         198        3666
         199        3737
         200        3668
         201        3666
         202        3618
         203        3691
         204        3539
         205        3663
         206        3665
         207        3614
         208        3621
         209        3669
         210        3754
         211        3668
         212        3670
         213        3620
         214        3667
         215        3668
         216        3545
         217        3543
         218        3667
         219        3672
         220        3665
         221        3537
         222        3542
         223        3613
         224        3793
         225        3673
         226        3664
         227        3664
         228        3666
         229        3538
         230        3687
         231        3618
         232        3617
         233        3540
         234        3540
         235        3538
         236        3545
         237        3539
         238        3540
         239        3721
         240        3665
         241        3612
         242        3666
         243        3541
         244        3668
         245        3540
         246        3589
         247        3622
         248        3595
         249        3664
         250        3621
         251        3667
         252        3622
         253        3740
         254        3668
         255        3544
         256        3539
         257        3676
         258        3789
         259        3669
         260        3538
         261        3545
         262        3622
         263        3547
         264        3550
         265        3672
         266        3624
         267        3664
         268        3543
         269        3540
         270        3541
         271        3664
         272        3544
         273        3616
         274        3617
         275        3664
         276        3542
         277        3667
         278        3671
         279        3673
         280        3541
         281        3670
         282        3664
         283        3551
         284        3664
         285        3621
         286        3593
         287        3715
         288        3586
         289        3535
         290        3666
         291        3617
         292        3669
         293        3621
         294        3643
         295        3670
         296        3668
         297        3667
         298        3542
         299        3538
         300        3742
         301        3642
         302        3609
         303        3543
         304        3688
         305        3786
         306        3619
         307        3667
         308        3537
         309        3666
         310        3675
         311        3667
         312        3614
         313        3743
         314        3715
         315        3794
         316        3666
         317        3539
         318        3671
         319        3669
         320        3665
         321        3538
         322        3613
         323        3742
         324        3669
         325        3542
         326        3548
         327        3666
         328        3670
         329        3668
         330        3620
         331        3615
         332        3623
         333        3669
         334        3591
         335        3666
         336        3664
         337        3669
         338        3669
         339        3552
         340        3541
         341        3663
         342        3668
         343        3546
         344        3664
         345        3792
         346        3545
         347        3672
         348        3544
         349        3671
         350        3666
         351        3665
         352        3666
         353        3677
         354        3666
         355        3667
         356        3735
         357        3617
         358        3545
         359        3745
         360        3666
         361        3538
         362        3614
         363        3666
         364        3601
         365        3667
         366        3615
         367        3660
         368        3664
         369        3668
         370        3540
         371        3737
         372        3618
         373        3671
         374        3557
         375        3617
         376        3543
         377        3666
         378        3741
         379        3540
         380        3615
         381        3666
         382        3665
         383        3586
         384        3598
         385        3542
         386        3540
         387        3544
         388        3544
         389        3539
         390        3584
         391        3666
         392        3543
         393        3665
         394        3601
         395        3668
         396        3667
         397        3649
         398        3604
         399        3692
         400        3595
         401        3550
         402        3660
         403        3615
         404        3666
         405        3676
         406        3667
         407        3542
         408        3673
         409        3666
         410        3665
         411        3545
         412        3545
         413        3618
         414        3672
         415        3669
         416        3545
         417        3743
         418        3538
         419        3622
         420        3617
         421        3748
         422        3540
         423        3555
         424        3612
         425        3621
         426        3699
         427        3746
         428        3547
         429        3664
         430        3587
         431        3712
         432        3540
         433        3792
         434        3664
         435        3544
         436        3665
         437        3539
         438        3546
         439        3661
         440        3593
         441        3544
         442        3613
         443        3545
         444        3738
         445        3664
         446        3666
         447        3671
         448        3538
         449        3666
         450        3670
         451        3542
         452        3612
         453        3694
         454        3700
         455        3617
         456        3625
         457        3541
         458        3741
         459        3547
         460        3666
         461        3665
         462        3667
         463        3668
         464        3542
         465        3542
         466        3667
         467        3666
         468        3544
         469        3544
         470        3667
         471        3670
         472        3792
         473        3669
         474        3793
         475        3538
         476        3538
         477        3664
         478        3736
         479        3682
         480        3665
         481        3669
         482        3541
         483        3540
         484        3616
         485        3540
         486        3616
         487        3544
         488        3545
         489        3743
         490        3620
         491        3539
         492        3594
         493        3671
         494        3666
         495        3666
         496        3735
         497        3546
         498        3538
         499        3616
         500        3741
         501        3540
         502        3664
         503        3545
         504        3790
         505        3542
         506        3547
         507        3794
         508        3542
         509        3666
         510        3790
         511        3542
         512        3549
         513        3611
         514        3740
         515        3623
         516        3544
         517        3619
         518        3543
         519        3541
         520        3672
         521        3545
         522        3597
         523        3663
         524        3622
         525        3668
         526        3538
         527        3539
         528        3733
         529        3666
         530        3666
         531        3701
         532        3592
         533        3714
         534        3664
         535        3557
         536        3787
         537        3670
         538        3544
         539        3540
         540        3538
         541        3616
         542        3669
         543        3550
         544        3667
         545        3542
         546        3666
         547        3667
         548        3645
         549        3547
         550        3668
         551        3792
         552        3543
         553        3541
         554        3591
         555        3666
         556        3662
         557        3664
         558        3544
         559        3543
         560        3672
         561        3541
         562        3666
         563        3668
         564        3613
         565        3542
         566        3670
         567        3544
         568        3541
         569        3618
         570        3623
         571        3672
         572        3545
         573        3714
         574        3589
         575        3597
         576        3694
         577        3668
         578        3620
         579        3666
         580        3671
         581        3739
         582        3545
         583        3546
         584        3737
         585        3619
         586        3594
         587        3670
         588        3549
         589        3590
         590        3794
         591        3665
         592        3620
         593        3617
         594        3669
         595        3668
         596        3663
         597        3739
         598        3592
         599        3666
         600        3667
         601        3541
         602        3538
         603        3544
         604        3665
         605        3667
         606        3612
         607        3697
         608        3547
         609        3541
         610        3668
         611        3666
         612        3666
         613        3540
         614        3546
         615        3736
         616        3743
         617        3789
         618        3543
         619        3611
         620        3552
         621        3667
         622        3541
         623        3668
         624        3537
         625        3668
         626        3668
         627        3545
         628        3667
         629        3538
         630        3662
         631        3667
         632        3622
         633        3664
         634        3616
         635        3712
         636        3543
         637        3697
         638        3540
         639        3542
         640        3666
         641        3615
         642        3739
         643        3598
         644        3544
         645        3547
         646        3544
         647        3547
         648        3538
         649        3542
         650        3664
         651        3618
         652        3592
         653        3661
         654        3609
         655        3549
         656        3741
         657        3545
         658        3550
         659        3673
         660        3548
         661        3540
         662        3665
         663        3619
         664        3609
         665        3538
         666        3541
         667        3550
         668        3867
         669        3540
         670        3669
         671        3666
         672        3544
         673        3783
         674        3664
         675        3542
         676        3546
         677        3666
         678        3739
         679        3738
         680        3546
         681        3611
         682        3807
         683        3593
         684        3539
         685        3690
         686        3744
         687        3690
         688        3668
         689        3669
         690        3665
         691        3667
         692        3667
         693        3665
         694        3717
         695        3665
         696        3668
         697        3540
         698        3543
         699        3539
         700        3544
         701        3540
         702        3542
         703        3662
         704        3616
         705        3744
         706        3664
         707        3546
         708        3666
         709        3596
         710        3737
         711        3539
         712        3599
         713        3739
         714        3594
         715        3592
         716        3647
         717        3591
         718        3738
         719        3616
         720        3667
         721        3544
         722        3591
         723        3712
         724        3719
         725        3790
         726        3791
         727        3540
         728        3616
         729        3664
         730        3541
         731        3543
         732        3664
         733        3553
         734        3541
         735        3673
         736        3671
         737        3542
         738        3550
         739        3668
         740        3667
         741        3721
         742        3668
         743        3670
         744        3543
         745        3670
         746        3664
         747        3669
         748        3537
         749        3539
         750        3615
         751        3543
         752        3670
         753        3543
         754        3667
         755        3665
         756        3664
         757        3663
         758        3615
         759        3548
         760        3615
         761        3669
         762        3666
         763        3539
         764        3596
         765        3613
         766        3590
         767        3544
         768        3540
         769        3666
         770        3667
         771        3548
         772        3546
         773        3739
         774        3543
         775        3545
         776        3552
         777        3669
         778        3666
         779        3542
         780        3540
         781        3664
         782        3542
         783        3665
         784        3794
         785        3539
         786        3736
         787        3618
         788        3616
         789        3614
         790        3543
         791        3543
         792        3616
         793        3659
         794        3666
         795        3545
         796        3785
         797        3541
         798        3668
         799        3542
         800        3538
         801        3540
         802        3672
         803        3735
         804        3665
         805        3546
         806        3537
         807        3538
         808        3667
         809        3545
         810        3547
         811        3613
         812        3688
         813        3551
         814        3619
         815        3696
         816        3540
         817        3669
         818        3793
         819        3617
         820        3670
         821        3545
         822        3544
         823        3542
         824        3545
         825        3710
         826        3544
         827        3735
         828        3618
         829        3543
         830        3664
         831        3674
         832        3546
         833        3597
         834        3544
         835        3617
         836        3620
         837        3670
         838        3665
         839        3671
         840        3677
         841        3666
         842        3720
         843        3665
         844        3544
         845        3668
         846        3590
         847        3671
         848        3666
         849        3666
         850        3539
         851        3539
         852        3540
         853        3666
         854        3665
         855        3542
         856        3539
         857        3665
         858        3537
         859        3538
         860        3540
         861        3665
         862        3611
         863        3539
         864        3539
         865        3790
         866        3661
         867        3664
         868        3540
         869        3540
         870        3542
         871        3592
         872        3599
         873        3738
         874        3541
         875        3614
         876        3539
         877        3617
         878        3617
         879        3545
         880        3544
         881        3675
         882        3666
         883        3593
         884        3544
         885        3546
         886        3612
         887        3665
         888        3665
         889        3543
         890        3547
         891        3540
         892        3616
         893        3716
         894        3601
         895        3660
         896        3615
         897        3670
         898        3669
         899        3541
         900        3539
         901        3600
         902        3625
         903        3540
         904        3620
         905        3666
         906        3687
         907        3547
         908        3667
         909        3543
         910        3543
         911        3540
         912        3617
         913        3544
         914        3744
         915        3539
         916        3619
         917        3549
         918        3542
         919        3618
         920        3615
         921        3615
         922        3714
         923        3553
         924        3548
         925        3540
         926        3667
         927        3541
         928        3787
         929        3621
         930        3616
         931        3619
         932        3546
         933        3670
         934        3669
         935        3668
         936        3735
         937        3546
         938        3667
         939        3545
         940        3665
         941        3666
         942        3543
         943        3664
         944        3665
         945        3537
         946        3596
         947        3551
         948        3665
         949        3667
         950        3617
         951        3541
         952        3668
         953        3541
         954        3626
         955        3542
         956        3549
         957        3613
         958        3545
         959        3618
         960        3747
         961        3664
         962        3617
         963        3548
         964        3620
         965        3540
         966        3547
         967        3542
         968        3667
         969        3740
         970        3619
         971        3669
         972        3541
         973        3542
         974        3541
         975        3690
         976        3590
         977        3743
         978        3622
         979        3546
         980        3738
         981        3546
         982        3542
         983        3614
         984        3616
         985        3547
         986        3627
         987        3536
         988        3542
         989        3541
