         IDX  CYCLES_DEG  CYCLES_DEG  CYCLES_DEG  CYCLES_DEG  CYCLES_DEG
           0    0.999146    0.999146    0.999359    0.999359    0.998718
           1    0.999146    0.999573    0.998718    0.999146    0.999359
           2    0.999146    0.999359    0.999573    0.999146    0.999359
           3    0.999146    0.999359    0.998718    0.999146    0.999359
           4    0.999146    0.998932    0.999359    0.999146    0.999573
           5    0.999359    0.998932    0.999359    0.999359    0.999359
           6    0.999146    0.999573    0.999573    0.999146    0.999573
           7    0.999146    0.999146    0.999359    0.999146    0.998718
           8    0.999146    0.998932    0.999573    0.999146    0.999359
           9    0.999146    0.998932    0.999359    0.999359    0.999359
          10    0.999146    0.998718    0.999573    0.999146    0.999573
          11    0.999146    0.999359    0.998718    0.999146    0.998505
          12    0.999146    0.999146    0.999359    0.999146    0.999573
          13    0.999146    0.999146    0.999573    0.999146    0.999359
          14    0.999146    0.999359    0.999359    0.999146    0.999359
          15    0.999146    0.999573    0.998718    0.999146    0.998505
          16    0.999146    0.999573    0.998718    0.999146    0.999573
          17    0.999146    0.999146    0.998505    0.999146    0.999359
          18    0.999359    0.998932    0.999573    0.999146    0.999359
          19    0.999146    0.999786    0.999573    0.998718    0.998505
          20    0.999146    0.999146    0.998932    0.999146    0.999573
          21    0.999146    0.998932    0.999359    0.999146    0.998718
          22    0.999146    0.999359    0.998718    0.999146    0.998505
          23    1.000000    0.999359    0.999359    0.999146    0.999359
          24    0.999146    0.999359    0.999573    0.999359    0.999359
          25    0.999146    0.998932    0.998932    0.999146    0.999359
          26    1.000000    0.998932    0.999573    0.999146    0.999359
          27    0.999146    0.999146    0.999573    0.999146    0.999359
          28    0.999146    0.998505    0.999359    0.999146    0.999359
          29    0.999146    0.999359    0.999786    0.999146    0.999359
          30    0.999146    0.999146    0.999573    0.999146    0.999573
          31    0.999146    0.998932    0.998932    0.999146    0.999573
          32    0.999146    0.999573    0.999573    0.999146    0.999359
          33    0.999146    0.998932    0.999573    0.999359    0.998505
          34    0.999146    0.999146    0.999359    0.999146    0.999573
          35    0.999146    0.999359    0.999359    0.999573    0.999359
          36    0.999146    0.999146    0.999573    0.999146    0.999573
          37    0.999146    0.999359    0.998718    0.999146    0.998718
          38    0.999146    0.998718    0.999359    0.999146    0.999573
          39    0.999146    0.999146    0.999573    0.999146    0.999359
          40    0.999146    0.999146    0.999359    0.999146    0.999359
          41    0.999146    0.999359    0.998932    0.999359    0.999573
          42    0.999146    0.999146    0.999146    0.999146    0.999359
          43    0.999146    0.999146    0.999359    0.999146    0.999359
          44    0.999146    0.998932    0.998932    0.999146    0.998718
          45    0.999146    0.998718    0.998718    0.999146    0.998718
          46    1.000000    0.998505    0.999573    0.999146    0.999359
          47    0.999359    0.999146    0.998932    0.999146    0.999359
          48    0.999146    0.999146    0.999573    0.999146    0.998505
          49    0.999146    0.999359    0.999146    0.999146    0.999573
          50    0.999146    0.999573    0.999573    0.999146    0.998718
          51    0.999146    0.999359    0.999573    0.999146    0.998718
          52    0.999146    0.999573    0.998718    0.999146    0.999573
          53    0.999146    0.999146    0.998505    0.999359    0.999359
          54    0.999359    0.999573    0.998718    0.999359    0.999359
          55    0.999359    0.999146    0.998718    0.999146    0.999359
          56    0.999146    0.999359    0.999573    0.999359    0.999359
          57    0.999146    0.999146    0.998932    0.999146    0.999359
          58    0.999146    0.999146    0.999359    0.999146    0.999359
          59    0.999146    0.998932    0.999573    0.999146    0.998718
          60    0.999146    0.998718    0.999573    0.999146    0.998718
          61    0.999146    0.998505    0.998718    0.999146    0.999359
          62    0.999146    0.998932    0.998932    0.999146    0.999359
          63    0.999146    0.999573    0.998718    0.999359    0.999359
          64    0.999146    0.999146    0.998718    0.999146    0.999359
          65    0.999146    0.999573    0.998932    0.999146    0.999359
          66    0.999146    0.999359    0.999359    0.999146    0.998505
          67    0.999146    0.999359    0.998718    0.998505    0.999359
          68    0.999146    0.999573    0.999573    0.999146    0.998505
          69    0.999146    0.998932    0.999786    0.999146    0.999359
          70    0.998718    0.999146    0.998932    0.999146    0.998718
          71    0.999359    0.999359    0.999573    0.999146    0.999359
          72    0.999146    0.999359    0.999786    0.999146    0.999573
          73    0.999359    0.999786    0.998718    0.999359    0.999359
          74    0.999359    0.999146    0.998718    0.999146    0.999359
          75    0.999359    0.999573    0.998932    0.999146    0.998718
          76    0.999146    0.999359    0.998718    0.999146    0.999359
          77    0.999146    0.999146    0.999359    0.999146    0.999359
          78    0.999146    0.999146    0.999573    0.999146    0.999359
          79    0.999146    0.999146    0.998718    0.999146    0.999359
          80    0.999146    0.999146    0.998932    0.999359    0.999573
          81    0.999146    0.999573    0.999573    0.999146    0.999573
          82    0.999146    0.998932    0.999573    0.999146    0.999359
          83    0.999359    0.999146    0.999573    0.999146    0.999359
          84    0.999359    0.999786    0.998718    0.998932    0.998718
          85    0.999146    0.998932    0.998932    0.999146    0.999359
          86    0.999146    0.998718    0.999146    0.999146    0.999359
          87    0.999146    0.999786    0.999573    0.999146    0.999359
          88    0.999146    0.999359    0.998718    0.999146    0.999359
          89    0.999146    0.998505    0.998718    0.999146    0.998718
          90    0.999359    0.999146    0.999359    0.999146    0.998505
          91    0.999359    0.999146    0.998718    0.999146    0.999359
          92    0.999146    0.999146    0.999573    0.999146    0.999359
          93    0.999146    0.999146    0.998718    0.999146    0.999359
          94    0.999146    0.998932    0.998718    1.000000    0.999359
          95    0.999146    0.999359    0.999573    0.999146    0.998718
          96    0.999146    0.998505    0.999359    0.999146    0.999359
          97    0.999359    0.998932    0.999359    0.999146    0.999573
          98    0.999146    0.999146    0.999359    0.999146    0.999359
          99    0.999146    0.998932    0.999573    0.999359    0.999359
         100    0.999146    0.999573    0.999573    0.999359    0.999359
         101    0.999146    0.998718    0.998718    0.999146    0.999359
         102    0.999146    0.999359    0.999573    0.999146    0.999573
         103    0.999146    0.999359    0.999573    0.999146    0.999359
         104    0.999359    0.999146    0.999359    0.999146    0.999359
         105    0.999146    0.998932    0.998718    0.999146    0.999573
         106    0.999146    0.998932    0.999573    0.999146    0.999359
         107    0.999146    0.998932    0.999573    0.999146    0.998718
         108    0.999146    0.999573    0.999573    0.999146    0.999359
         109    0.999146    0.999146    0.998718    0.999146    0.999359
         110    0.999146    0.998718    0.999573    0.999146    0.998718
         111    0.999146    0.999573    0.999359    0.999146    0.998718
         112    0.999146    0.998932    0.999786    0.999146    0.999359
         113    0.999146    0.999359    0.999573    0.999359    0.998505
         114    0.999146    0.999146    0.999573    0.999146    0.999359
         115    0.999146    0.998718    0.999359    1.000000    0.999359
         116    0.999146    0.999786    0.999573    0.999146    0.999359
         117    0.999146    0.999146    0.998718    0.999359    0.998718
         118    0.999146    0.999146    0.998718    1.000000    0.999359
         119    0.999146    0.999359    0.998718    0.999146    0.999359
         120    0.999359    0.998932    0.998718    0.999146    0.999359
         121    0.999359    0.998505    0.999573    0.999146    0.998505
         122    0.999146    0.998718    0.998718    0.999359    0.999359
         123    0.999146    0.999146    0.999359    0.999146    0.999359
         124    0.999146    0.999359    0.999573    0.999146    0.998718
         125    0.999146    0.999146    0.999359    0.999146    0.999573
         126    0.999146    0.999359    0.999359    0.999146    0.999359
         127    0.999786    0.998718    0.998505    0.999146    0.999573
         128    0.999146    0.999786    0.999786    0.999146    0.999359
         129    0.999146    0.998718    0.999573    0.999146    0.999359
         130    0.999146    0.999359    0.998505    0.999146    0.998932
         131    0.999146    0.999146    0.998932    0.998505    0.999359
         132    0.999146    0.999359    0.999359    0.999146    0.999359
         133    0.999359    0.999146    0.998718    0.999146    0.999359
         134    0.999146    0.998932    0.998718    0.999146    0.998505
         135    0.999146    0.999146    0.998718    0.999146    0.999359
         136    0.999146    0.998932    0.998932    0.999146    0.999359
         137    0.999146    0.999146    0.999573    0.999146    0.999359
         138    0.999146    0.999786    0.999146    0.999146    0.998718
         139    0.999359    0.998932    0.999573    0.999146    0.999359
         140    0.999146    0.999786    0.998718    0.999359    0.999359
         141    0.999146    0.998932    0.999146    0.999146    0.998718
         142    0.999146    0.998718    0.999573    0.999146    0.999359
         143    0.999146    0.999573    0.999573    0.999146    0.999359
         144    0.999146    0.999359    0.998718    0.999146    0.998718
         145    0.999146    0.998718    0.998505    0.999146    0.999359
         146    0.999146    0.999359    0.998718    0.999146    0.999573
         147    0.999146    0.998932    0.999359    0.999146    0.998718
         148    0.999146    0.999359    0.999359    0.999146    0.999146
         149    0.999146    0.999573    0.999359    0.998718    0.999359
         150    0.999146    0.998718    0.999573    0.999146    0.999359
         151    0.999146    0.998932    0.999359    0.999146    0.998505
         152    0.999146    0.999359    0.999573    0.999146    0.999359
         153    0.998718    0.998932    0.998718    0.999359    0.998718
         154    0.999146    0.999359    0.999359    0.999146    0.998718
         155    0.999146    0.998718    0.999359    0.999146    0.999359
         156    0.999146    0.999786    0.999359    0.999146    0.999359
         157    0.999146    0.998505    0.999359    0.999359    0.998718
         158    0.999146    0.999146    0.999359    0.999146    0.999359
         159    0.999146    0.999146    0.999573    0.999146    0.998718
         160    0.999146    0.998932    0.999573    0.999146    0.999359
         161    0.999146    0.999786    0.998718    0.999146    0.999359
         162    0.999146    0.999146    0.999786    0.999146    0.998932
         163    0.999146    0.999359    0.998932    0.999146    0.999359
         164    0.999146    0.999786    0.998932    0.999146    0.999359
         165    0.999146    0.999146    0.999359    0.999146    0.999573
         166    0.999146    0.999146    0.998932    0.999146    0.998505
         167    0.999146    0.999146    0.998718    0.999146    0.998505
         168    0.999146    0.998932    0.998932    0.999359    0.999573
         169    0.999146    0.999359    0.999359    0.999359    0.999359
         170    0.999146    0.999146    0.999359    0.999146    0.999359
         171    0.999359    0.999359    0.998718    0.999146    0.999359
         172    0.999359    0.999359    0.998932    0.999146    0.999359
         173    0.999146    0.999146    0.998932    0.999359    0.999359
         174    0.999146    0.999146    0.998718    0.999146    0.999359
         175    0.999146    0.999146    0.999573    0.999146    0.999573
         176    0.999146    0.999146    0.998718    0.999146    0.999573
         177    0.999146    0.999359    0.999786    0.999146    0.999359
         178    0.999359    0.998932    0.999359    0.999146    0.999359
         179    0.999146    0.999146    0.998932    0.999146    0.999359
         180    0.999146    0.999359    0.998718    0.999146    0.999573
         181    0.999146    0.999359    0.998718    0.999146    0.999359
         182    0.999146    0.999146    0.999573    0.999146    0.999359
         183    0.999146    0.998932    0.999573    0.999146    0.998718
         184    0.999146    0.999573    0.999359    0.999146    0.999359
         185    0.999573    0.999146    0.999359    0.999146    0.998718
         186    0.999146    0.999573    0.999786    0.999146    0.998718
         187    0.999146    0.999146    0.999359    0.999146    0.999359
         188    0.999146    0.998932    0.998718    0.999146    0.999573
         189    0.999146    0.999146    0.999573    0.999146    0.998718
         190    0.999146    0.999359    0.998932    0.999146    0.999359
         191    0.999146    0.999573    0.999573    0.999146    0.999359
         192    0.999146    0.999359    0.998718    0.999146    0.999359
         193    0.999146    0.998718    0.999573    0.999146    0.999573
         194    0.999146    0.999146    0.999573    0.999146    0.999573
         195    0.999146    0.999786    0.999573    0.999146    0.999359
         196    0.999146    0.999786    0.999359    0.999146    0.999359
         197    0.999146    0.999573    0.999573    0.999359    0.998718
         198    0.999146    0.999359    0.998718    0.999146    0.999359
         199    0.999146    0.999359    0.999573    0.999146    0.999359
         200    0.999146    0.999146    0.998932    0.999359    0.998505
         201    0.999359    0.999359    0.998718    0.999359    0.999359
         202    0.999359    0.999359    0.999359    0.999359    0.999359
         203    0.999359    0.999359    0.998718    0.999146    0.999359
         204    0.999359    0.999359    0.999573    0.999146    0.999359
         205    0.999146    0.999146    0.998932    0.999146    0.999359
         206    0.999146    0.999359    0.998718    0.999146    0.999359
         207    0.999146    0.998932    0.999573    0.999146    0.999359
         208    0.999146    0.999573    0.999573    0.999146    0.999359
         209    0.999146    0.998718    0.999573    0.999146    0.999359
         210    0.999146    0.998932    0.998718    0.999146    0.998718
         211    0.999146    0.998932    0.998718    0.999146    0.998718
         212    0.999146    0.999146    0.998718    0.999146    0.999573
         213    0.999146    0.998932    0.999359    0.999146    0.998718
         214    0.999146    0.999359    0.999573    0.999146    0.999786
         215    0.999146    0.998932    0.998505    0.999359    0.999573
         216    0.999146    0.999146    0.999359    0.999146    0.999359
         217    0.999573    0.999359    0.998932    0.999146    0.999359
         218    0.999146    0.998932    0.999573    0.999146    0.999359
         219    0.999146    0.999573    0.999573    0.999146    0.999359
         220    0.999146    0.999146    0.999359    0.999146    0.999359
         221    0.999146    0.998932    0.999573    0.999146    0.998505
         222    0.999146    0.999359    0.999573    0.999146    0.999359
         223    0.999359    0.999146    0.998932    0.999146    0.998718
         224    0.999359    0.999573    0.998718    0.999146    0.998718
         225    0.999146    0.998932    0.999573    0.999146    0.999359
         226    0.999146    0.999359    0.999359    0.999146    0.998932
         227    0.999146    0.999146    0.998505    0.999146    0.998718
         228    0.999146    0.998932    0.998932    0.999146    0.999359
         229    0.999146    0.999573    0.999359    0.999146    0.999359
         230    0.999146    0.998718    0.999359    0.999146    0.999573
         231    0.999146    0.999786    0.999573    0.999146    0.999359
         232    0.999146    0.999146    0.999359    0.999146    0.999359
         233    0.999359    1.000000    0.998932    0.999359    0.999359
         234    0.999359    0.998932    0.999573    0.999146    0.999359
         235    0.999146    0.999359    0.999359    0.999146    0.998718
         236    0.999146    0.999359    0.998932    0.999359    0.999359
         237    0.999146    0.999573    0.998932    0.999146    0.999359
         238    0.999146    0.998505    0.998718    0.999146    0.998718
         239    0.999146    0.999146    0.998718    0.999146    0.998718
         240    0.999146    0.998718    0.999146    0.999146    0.999359
         241    0.999146    0.999359    0.998932    0.999146    0.998718
         242    0.999146    0.999146    0.999359    0.999146    0.999359
         243    0.999359    0.999359    0.998932    0.999146    0.999359
         244    0.999359    0.998718    0.999146    0.999146    0.999573
         245    0.999146    0.999146    0.999359    0.999146    0.998505
         246    0.999146    0.998718    0.999573    0.999359    0.998718
         247    0.999146    0.998932    0.998718    0.999146    0.999359
         248    0.999146    0.999359    0.999359    0.999146    0.999573
         249    0.999359    0.999359    0.999573    0.999146    0.998718
         250    0.999146    0.999146    0.999573    1.000000    0.999359
         251    0.999146    0.999146    0.999359    0.999146    0.999359
         252    0.999146    0.999573    0.999573    0.999146    0.999359
         253    0.999146    0.999573    0.999573    0.999146    0.999359
         254    0.999146    0.999359    0.998932    0.999359    0.999359
         255    0.999146    0.999359    0.998718    0.999359    0.999359
         256    0.999146    0.999146    0.998932    0.999359    0.999573
         257    0.999146    0.999786    0.999359    0.999359    0.999359
         258    0.999146    0.999573    0.999359    0.999146    0.999359
         259    0.999146    0.999573    0.999359    0.999146    0.999359
         260    0.999146    0.999146    0.998932    0.999146    0.999359
         261    0.999146    0.999146    0.998718    0.999146    0.999359
         262    0.999146    0.999573    0.999359    0.999146    0.999359
         263    0.999146    0.999359    0.998932    0.999146    0.998505
         264    0.999359    0.998932    0.998932    0.999146    0.999359
         265    0.999359    0.998932    0.999359    0.999146    0.999359
         266    0.999146    0.999573    0.998718    0.999146    0.999359
         267    0.999146    0.999573    0.998718    0.999359    0.998718
         268    0.999146    0.998505    0.999359    0.999359    0.999359
         269    0.999146    0.999359    0.999573    0.999146    0.999359
         270    0.999146    0.999359    0.999573    0.999146    0.999359
         271    0.999146    0.999146    0.999573    0.999146    0.999359
         272    0.999146    0.999146    0.998718    0.999146    0.999359
         273    0.999146    0.999146    0.999573    0.999146    0.999573
         274    0.999146    0.998932    0.998932    0.999146    0.999573
         275    0.999146    0.999573    0.998932    0.999146    0.998505
         276    0.999146    0.998718    0.998718    0.999146    0.999359
         277    0.999146    0.999146    0.998718    0.999146    0.998718
         278    0.999146    0.999573    0.999359    0.999146    0.998718
         279    0.999146    0.999146    0.999146    0.999146    0.999146
         280    0.999146    0.998718    0.998718    0.998718    0.998718
         281    0.998932    0.998932    0.999573    0.999146    0.998505
         282    0.999146    0.999146    0.999146    0.999146    0.998718
         283    0.999146    0.999146    0.999359    0.999146    0.999359
         284    0.999786    0.999146    0.999359    0.999146    0.999359
         285    0.999359    0.999146    0.999359    0.999146    0.999359
         286    0.999359    0.999146    0.999359    0.999146    0.999359
         287    0.999359    0.999359    0.999359    0.999146    0.999359
         288    0.999146    0.999146    0.998718    0.999359    0.999359
         289    0.999146    0.999573    0.999359    0.999146    0.999359
         290    0.999146    0.999359    0.998505    0.999146    0.999573
         291    0.999146    0.999146    0.999359    0.999146    0.999359
         292    0.999146    0.999146    0.999573    1.000000    0.999359
         293    0.999146    0.998932    0.998932    0.999146    0.999359
         294    0.999146    0.999146    0.999359    0.999146    0.999359
         295    0.999146    0.999786    0.999573    0.999146    0.999359
         296    0.999146    0.999146    0.998718    0.999146    0.998505
         297    0.999146    0.999573    0.998718    0.999146    0.999573
         298    0.999146    0.999146    0.999573    0.999146    0.999359
         299    0.999146    0.998718    0.999573    0.999146    0.999359
         300    0.999146    0.999359    0.998718    0.999146    0.999359
         301    0.999146    0.999573    0.999359    0.999146    0.998718
         302    0.999359    0.999359    0.999573    1.000000    0.999359
         303    0.999146    0.999146    0.998718    0.999146    0.999359
         304    0.999146    0.998718    0.999573    0.999146    0.998505
         305    0.999146    0.999573    0.999573    0.999359    0.999359
         306    0.999146    0.999359    0.998718    0.999146    0.998718
         307    0.999146    0.999573    0.999573    0.999146    0.998718
         308    0.999146    0.999359    0.999573    0.999146    0.999573
         309    0.999146    0.999359    0.999573    0.999146    0.999573
         310    0.999359    0.998718    0.999359    0.999359    0.998718
         311    0.999359    0.999786    0.998932    0.999359    0.999359
         312    0.999146    0.998932    0.998505    0.999146    0.999573
         313    0.999786    0.998932    0.998718    0.999146    0.998505
         314    0.999146    0.999359    0.999786    0.999146    0.999359
         315    0.999146    0.999146    0.999359    0.999146    0.999359
         316    0.999146    0.998932    0.999359    0.999146    0.998505
         317    0.999146    0.999786    0.998932    0.999146    0.999359
         318    0.999146    1.000000    0.999573    0.999146    0.999359
         319    0.999146    0.999359    0.998932    0.999146    0.999573
         320    0.999146    0.999146    0.999573    0.999146    0.998505
         321    0.999146    0.999573    0.999573    1.000000    0.999573
         322    0.999359    0.999786    0.999573    0.999146    0.998718
         323    0.999359    0.999573    0.998932    0.999146    0.998718
         324    0.999146    0.999146    0.999573    0.999146    0.999359
         325    0.999146    0.999359    0.999573    0.999146    0.999359
         326    0.999146    0.999146    0.998718    0.999146    0.999573
         327    0.999146    0.999786    0.999359    0.999146    0.998718
         328    0.999359    0.999146    0.999359    0.999146    0.999359
         329    0.999359    0.999359    0.999573    0.999146    0.999359
         330    0.999146    0.999359    0.999359    0.999146    0.999359
         331    0.998932    0.998932    0.998932    0.999146    0.998718
         332    0.999359    0.999573    0.999359    0.999359    0.999573
         333    0.999146    0.999359    0.998718    0.999359    0.999359
         334    0.999146    0.999573    0.999359    0.999146    0.998718
         335    0.999146    0.999573    0.999146    0.999146    0.998718
         336    0.999146    0.999359    0.999573    0.999146    0.999359
         337    0.999146    0.999786    0.998718    0.999146    0.998505
         338    0.999146    0.999146    0.998718    0.999359    0.999359
         339    1.000000    1.000000    0.999573    0.999146    0.999359
         340    0.999359    0.999573    0.999573    0.999146    0.999359
         341    0.999146    0.998718    0.998932    0.999146    0.999359
         342    0.999146    0.998718    0.999573    0.999146    0.999359
         343    0.999146    0.999146    0.999359    0.999146    0.998505
         344    0.999146    0.999146    0.999573    0.999146    0.999359
         345    0.999146    0.998718    0.999573    0.999146    0.998505
         346    0.999146    0.999786    0.999786    0.999359    0.999359
         347    0.999146    0.998932    0.998718    0.999146    0.999359
         348    0.999146    0.999359    0.999359    0.999146    0.999359
         349    0.999146    0.999359    0.999573    0.999146    0.999573
         350    0.999146    0.999146    0.998932    0.999146    0.998718
         351    0.999359    0.998718    0.999573    0.999146    0.999573
         352    0.999359    0.999359    0.999359    0.999146    0.999359
         353    0.999146    0.999573    0.999359    0.999146    0.998505
         354    0.999146    0.999359    0.999359    0.999146    0.999359
         355    0.999146    0.998718    0.999359    0.999146    0.999359
         356    0.999146    0.999146    0.998718    0.999146    0.998718
         357    0.999146    0.998932    0.998718    0.999146    0.998505
         358    0.999359    0.999573    0.999359    0.999146    0.999573
         359    0.999146    0.999359    0.998932    0.999146    0.999359
         360    0.999146    0.999146    0.999359    0.999146    0.999573
         361    0.999359    0.998718    0.999573    0.999359    0.999359
         362    0.999146    0.998932    0.999359    0.999359    0.998505
         363    0.999146    0.999359    0.998932    0.999146    0.999573
         364    0.999146    0.999146    0.998718    0.999146    0.999573
         365    0.999146    0.999359    0.999573    0.999146    0.998718
         366    0.999146    0.998505    0.998932    0.999146    0.999359
         367    0.999146    0.999573    0.998718    0.999146    0.999359
         368    0.999146    1.000000    0.998718    0.999146    0.998718
         369    0.999146    0.998932    0.998718    0.999146    0.999359
         370    0.999146    0.998718    0.998932    0.999146    0.998505
         371    0.999146    0.998718    0.999573    0.999359    0.998505
         372    0.999146    0.999146    0.999359    0.999146    0.999359
         373    0.999146    0.998932    0.999359    0.999146    0.998718
         374    0.999146    0.999359    0.999359    0.999146    0.998718
         375    0.999146    0.999146    0.998718    0.999146    0.999359
         376    0.999146    0.999146    0.999359    0.999359    0.999573
         377    0.999146    0.999146    0.999573    0.999146    0.999359
         378    0.999146    0.998932    0.999573    0.999146    0.999359
         379    0.999359    0.998718    0.999359    0.999146    0.999359
         380    0.999146    0.998932    0.998718    0.999146    0.998718
         381    0.999146    0.999573    0.999573    0.999359    0.999359
         382    0.999146    0.999146    0.999573    0.999359    0.998505
         383    0.999359    0.999573    0.999573    0.999146    0.999573
         384    0.999359    0.998932    0.999359    0.999146    0.999359
         385    0.999359    0.998932    0.999359    0.999146    0.999359
         386    0.999146    0.998718    0.998932    0.999146    0.999359
         387    0.999146    0.999146    0.999359    0.999146    0.999359
         388    0.999146    0.999146    0.998718    1.000000    0.999359
         389    0.999146    0.999359    0.999359    0.999146    0.999359
         390    0.999146    0.999146    0.998505    0.999786    0.999359
         391    0.999146    0.999146    0.998505    0.999146    0.998505
         392    0.999146    0.998932    0.999573    0.999146    0.999573
         393    0.999146    0.999359    0.998932    0.999146    0.999359
         394    0.999146    0.998718    0.999573    0.999146    0.999359
         395    0.999146    0.998932    0.998718    0.999146    0.999359
         396    0.999573    0.999146    0.999359    0.999146    0.999359
         397    0.999146    0.999146    0.998718    0.999146    0.999359
         398    0.999146    0.998718    0.999573    0.999146    0.998718
         399    0.999359    0.999786    0.999573    0.999146    0.998718
         400    0.999146    0.999359    0.998718    0.999146    0.999359
         401    0.999146    0.999573    0.999359    0.999146    0.998505
         402    0.999146    0.998932    0.999573    0.999146    0.999359
         403    0.999146    0.999359    0.998718    0.999146    0.999359
         404    0.999146    0.999146    0.999359    0.999359    0.999359
         405    0.999146    0.998718    0.999573    0.999359    0.999573
         406    0.999146    0.999359    0.998718    0.999146    0.999359
         407    0.999359    0.999359    0.998932    0.999146    0.998718
         408    0.999146    0.998932    0.999359    0.999146    0.999359
         409    0.999146    0.999573    0.999573    0.999146    0.999359
         410    0.999359    0.999359    0.999573    0.999146    0.998718
         411    0.999146    0.999359    0.999573    0.999146    0.999573
         412    0.999146    0.999146    0.998932    0.999146    0.998505
         413    0.999146    0.999146    0.998718    0.999146    0.999359
         414    0.999146    0.999359    0.999359    0.999146    0.998505
         415    0.999146    0.999146    0.998718    0.999146    0.999359
         416    0.999146    0.999573    0.999359    0.999146    0.999359
         417    0.999146    0.999573    0.999359    0.999146    0.998718
         418    0.999146    0.999359    0.999786    0.999146    0.999359
         419    0.999146    0.999359    0.998932    0.999146    0.999359
         420    0.999146    0.998932    0.999359    0.999146    0.999359
         421    0.999146    0.999786    0.998718    0.999146    0.998718
         422    0.999146    0.998932    0.999573    0.999359    0.999359
         423    0.999146    0.999786    0.999359    0.999146    0.999359
         424    0.999146    0.999573    0.999573    0.999146    0.999573
         425    0.999146    0.999359    0.999573    0.999146    0.999359
         426    0.999146    0.999786    0.999359    0.999146    0.999359
         427    0.999146    0.999146    0.999359    0.999146    0.999573
         428    0.999146    0.998932    0.999359    0.999146    0.999573
         429    1.000000    0.999146    0.998718    0.999146    0.999359
         430    0.999146    0.999359    0.998718    0.999146    0.998505
         431    0.999146    0.998718    0.998505    0.999146    0.998718
         432    0.999146    0.999146    0.998718    0.999146    0.999359
         433    0.999146    0.999359    0.999573    0.999146    0.998718
         434    0.999146    0.999146    0.998932    0.999146    0.999359
         435    0.999146    0.999146    0.999573    0.999146    0.999573
         436    0.999146    0.999359    0.999573    0.999146    0.998505
         437    0.999146    0.999146    0.999573    0.999146    0.999573
         438    0.999359    0.999359    0.999573    0.999359    0.999573
         439    0.999146    0.999786    0.999573    0.999146    0.999359
         440    0.999786    0.998932    0.999146    0.999146    0.999359
         441    0.999146    0.998718    0.998718    0.999146    0.998505
         442    0.999146    0.999573    0.999786    0.999146    0.998718
         443    0.999146    0.998718    0.998718    0.999146    0.999359
         444    0.999146    0.999786    0.999359    0.999146    0.999359
         445    0.999146    0.999146    0.998932    0.999146    0.999359
         446    0.999359    0.999573    0.999359    0.999146    0.999359
         447    0.999359    0.998932    0.999573    0.999146    0.999359
         448    0.999146    0.998932    0.998718    0.999359    0.999359
         449    0.999146    0.999146    0.999573    1.000000    0.998718
         450    0.999359    0.999359    0.999359    0.999146    0.999359
         451    0.999146    0.998932    0.999573    0.999146    0.999359
         452    0.999146    0.999146    0.998932    0.999146    0.998718
         453    0.999146    0.998718    0.998932    0.999146    0.999359
         454    0.999359    0.999359    0.998718    0.999146    0.998718
         455    0.999146    0.999146    0.998718    0.999146    0.999359
         456    0.999146    0.999146    0.999359    0.999146    0.999573
         457    0.999146    0.999573    0.998505    0.999146    0.999359
         458    0.999146    0.999146    0.998718    0.999146    0.999573
         459    0.999146    0.999573    0.999359    0.999146    0.999359
         460    0.999146    0.999146    0.998718    0.999359    0.999359
         461    0.999146    0.998932    0.999359    0.999146    0.999359
         462    0.998505    0.998932    0.998718    0.999359    0.999359
         463    0.999146    0.998718    0.999359    0.999146    0.999573
         464    0.999786    0.998718    0.998718    0.999359    0.999359
         465    0.999146    0.998932    0.999573    0.999146    0.999359
         466    0.999146    0.998718    0.999359    0.999146    0.999359
         467    0.999146    0.999359    0.999573    0.999146    0.998505
         468    0.999146    0.998718    0.999573    0.999786    0.999573
         469    0.999146    0.999146    0.998505    0.999146    0.998718
         470    0.999146    0.999573    0.998718    0.999146    0.998718
         471    0.999146    0.999573    0.999359    0.999146    0.999359
         472    0.999146    0.999146    0.999359    0.999146    0.998505
         473    0.999146    0.999146    0.998718    0.999146    0.999359
         474    0.999146    0.999786    0.999786    0.999359    0.998718
         475    0.999146    0.998932    0.999573    0.999359    0.998718
         476    0.999146    0.999359    0.999573    0.999359    0.999359
         477    0.999146    0.999573    0.998718    0.999146    0.999359
         478    0.999146    0.999359    0.999573    1.000000    0.999573
         479    0.999359    0.999359    0.998718    0.999146    0.999359
         480    0.999146    0.998932    0.999359    0.999146    0.999359
         481    0.999146    0.999146    0.998718    0.999146    0.999359
         482    0.999146    0.998932    0.998932    0.999146    0.999359
         483    0.999146    0.999359    0.998932    0.999146    0.999573
         484    0.999146    0.999359    0.999359    0.999146    0.999359
         485    0.999146    0.999359    0.999359    0.999146    0.998718
         486    0.999146    0.998718    0.998932    0.999146    0.999359
         487    0.999146    0.998932    0.998932    0.999146    0.999359
         488    0.999146    0.999146    0.999359    0.999146    0.998718
         489    0.999146    0.998718    0.998718    0.999146    0.998718
         490    0.999146    0.999786    0.999359    0.999146    0.999359
         491    0.999146    0.999359    0.999573    0.999146    0.998718
         492    0.999146    0.999146    0.998718    0.999146    0.999573
         493    0.999146    0.999146    0.998718    0.999146    0.999359
         494    0.999146    0.999573    0.998718    0.999146    0.999359
         495    0.999146    0.998932    0.998718    0.999146    0.999359
         496    0.999146    0.998932    0.998718    0.999146    0.999573
         497    0.999146    0.999146    0.999573    0.999146    0.999359
         498    0.999146    0.998932    0.999573    0.999146    0.999359
         499    0.999146    0.999146    0.999573    0.999146    0.999359
         500    0.999146    0.999359    0.999573    0.999146    0.998718
         501    0.999146    0.999359    0.998718    0.999146    0.999359
         502    0.999146    0.999573    0.999573    0.999146    0.999573
         503    0.999146    0.998932    0.999573    0.999146    0.998718
         504    0.999146    0.999146    0.999573    0.999146    0.999359
         505    0.999146    0.999573    0.999359    0.999146    0.998718
         506    0.999146    0.999359    0.999786    0.999359    0.998505
         507    0.999146    0.999146    0.999573    0.999359    0.999359
         508    0.999146    0.999359    0.999573    0.999146    0.999359
         509    0.999146    0.999146    0.999359    0.999359    0.998718
         510    1.000000    0.999359    0.999359    0.999146    0.999359
         511    0.999146    0.999146    0.998718    0.999146    0.999359
         512    0.999146    0.999359    0.999359    0.999146    0.999359
         513    0.999146    0.998505    0.999359    0.999146    0.999359
         514    0.999146    0.999146    0.999573    0.999359    0.999359
         515    0.999146    0.999146    0.999573    0.999359    0.998505
         516    0.999146    0.999359    0.999359    0.999146    0.999573
         517    0.999359    0.999359    0.999573    0.999146    0.999359
         518    0.999359    0.999573    0.998932    0.999146    0.999359
         519    0.999359    0.999146    0.998718    0.999146    0.999359
         520    0.999146    0.998718    0.999573    0.999359    0.999359
         521    0.999146    0.998932    0.999359    1.000000    0.999573
         522    0.999146    0.999573    0.999573    0.999146    0.999359
         523    0.999146    0.999359    0.998718    0.999146    0.999573
         524    0.999146    0.999359    0.999573    0.999146    0.998505
         525    0.999146    0.999359    0.999359    0.999146    0.998718
         526    0.999146    0.999146    0.999359    0.999146    0.999359
         527    0.999573    0.999359    0.999359    0.999146    0.999359
         528    0.999146    0.999359    0.998718    0.999146    0.999359
         529    0.999146    0.999359    0.999573    0.999146    0.999573
         530    0.999146    0.999573    0.999573    0.999146    0.998718
         531    0.999146    0.999786    0.999359    0.999146    0.999573
         532    0.999146    0.999359    0.999359    0.999146    0.999573
         533    0.999146    0.999573    0.999573    0.999146    0.998505
         534    0.999146    0.999146    0.999573    0.999359    0.999359
         535    0.999146    0.998718    0.998718    0.999146    0.999359
         536    0.999146    0.999573    0.999573    0.999146    0.999359
         537    0.999146    0.999359    0.998932    0.999146    0.999359
         538    0.999146    0.998291    0.998932    0.999146    0.999359
         539    0.999146    0.999359    0.998932    0.999146    0.999359
         540    0.999146    0.999786    0.999573    0.999146    0.999146
         541    0.999146    0.999359    0.998718    0.999359    0.999573
         542    0.999146    0.998932    0.999359    0.999146    0.999359
         543    0.999146    0.999146    0.998932    0.999146    0.998718
         544    0.999146    0.999359    0.999573    0.999146    0.999359
         545    0.999146    0.999359    0.998718    0.999146    0.999359
         546    0.999146    0.999146    0.998932    0.999146    0.999359
         547    0.999146    0.999359    0.999359    0.999146    0.999359
         548    0.999146    0.999146    0.998718    0.999146    0.999573
         549    0.999146    0.999146    0.999359    0.999146    0.999359
         550    0.999146    0.999573    0.999573    0.999146    0.998718
         551    0.999359    0.999359    0.998718    0.999146    0.999573
         552    0.999146    0.998505    0.998718    0.999146    0.999359
         553    0.999146    0.999786    0.999359    0.999146    0.999359
         554    0.999146    0.999359    0.998718    0.999359    0.999359
         555    0.999146    0.998932    0.998718    0.999146    0.999359
         556    0.999146    0.999146    0.999359    0.999146    0.999359
         557    0.999146    0.999359    0.999573    0.999146    0.999573
         558    0.999146    0.998718    0.998932    0.999146    0.999359
         559    0.999146    0.998718    0.999359    0.999359    0.999359
         560    0.999146    0.998932    0.999573    0.999146    0.998505
         561    0.999146    0.999573    0.999573    0.999146    0.999359
         562    1.000000    0.999359    0.998932    0.999146    0.998718
         563    0.999146    0.998718    0.999359    0.999146    0.998718
         564    0.999146    0.998505    0.999573    0.999146    0.999573
         565    0.999146    0.999573    0.999359    0.999146    0.998505
         566    0.999146    0.998718    0.998718    0.999146    0.998718
         567    0.999146    0.999573    0.999573    0.999146    0.999359
         568    0.999146    0.999359    0.998718    0.999146    0.999573
         569    0.999146    0.999359    0.999573    0.999146    0.999359
         570    0.999146    0.998505    0.999359    0.999146    0.999359
         571    0.999359    0.998718    0.999573    0.999146    0.998718
         572    0.999146    0.999786    0.998932    0.999146    0.998718
         573    0.999146    0.999786    0.998718    0.999146    0.999359
         574    0.999146    0.999146    0.999573    1.000000    0.999573
         575    0.999146    0.999573    0.998932    0.999146    0.999359
         576    0.999146    0.999359    0.999359    0.999146    0.999359
         577    0.999146    0.999359    0.998932    0.999146    0.998718
         578    0.999146    0.999359    0.999573    0.999359    0.999359
         579    0.999146    0.999146    0.999573    0.999146    0.999359
         580    0.999146    0.998932    0.999573    0.999146    0.999359
         581    0.999146    0.999359    0.999359    0.999146    0.999359
         582    0.999146    0.999359    0.998718    0.999146    0.998505
         583    0.999359    0.999573    0.998932    0.999146    0.999359
         584    0.999359    0.999146    0.999573    0.999146    0.999359
         585    0.999146    0.998718    0.998932    0.999146    0.998718
         586    0.999146    0.998932    0.999359    0.999146    0.998718
         587    0.999146    0.998932    0.999573    0.999359    0.999359
         588    0.999359    0.999359    0.998718    0.999146    0.999359
         589    0.999359    0.998505    0.998932    0.999146    0.999359
         590    0.999359    0.998932    0.999359    0.999146    0.999573
         591    0.999146    0.999146    0.999359    0.999359    0.999359
         592    0.998718    0.999146    0.998718    0.999359    0.999359
         593    0.999573    0.999146    0.998932    0.999146    0.998718
         594    0.999146    0.999146    0.999359    0.999146    0.999359
         595    0.999146    0.999359    0.999359    0.999146    0.998718
         596    0.999146    0.998718    0.999359    0.999146    0.999359
         597    0.999146    0.999786    0.999359    0.999146    0.999359
         598    0.999359    0.999573    0.998932    0.999146    0.998718
         599    0.999146    0.998932    0.998932    0.999146    0.999359
         600    0.999146    0.999359    0.999359    0.999359    0.998505
         601    0.999146    0.999786    0.998932    0.999146    0.999359
         602    0.999146    0.999786    0.999573    0.999146    0.999359
         603    0.999146    0.998718    0.999573    0.999146    0.998505
         604    0.999146    0.998718    0.999573    0.999146    0.998718
         605    0.999146    0.999359    0.998932    0.999146    0.998932
         606    0.999146    0.999359    0.998718    0.999359    0.999359
         607    0.999146    0.998718    0.999573    0.999146    0.999359
         608    0.999146    0.999573    0.999573    0.999146    0.999359
         609    0.999146    0.998932    0.999573    0.999359    0.999359
         610    0.999146    0.998718    0.999573    0.999359    0.999359
         611    0.999146    0.999359    0.999573    0.999146    0.999359
         612    0.999146    0.999146    0.999573    0.999146    0.999359
         613    0.999359    0.999786    0.999573    0.999359    0.999359
         614    0.999146    0.998932    0.999359    0.999146    0.999573
         615    0.999146    0.998932    0.999359    0.999146    0.999359
         616    0.999146    0.999573    0.999573    0.999146    0.998718
         617    0.999146    0.998932    0.999573    0.999146    0.998505
         618    0.999146    0.999359    0.999359    0.999146    0.999359
         619    0.999146    0.999359    0.999146    0.999146    0.998718
         620    0.999146    0.999146    0.999573    0.999146    0.999359
         621    0.999359    0.999146    0.999573    0.999146    0.999359
         622    0.999146    0.999146    0.998718    0.999146    0.999359
         623    0.999146    0.999359    0.999359    0.999146    0.998718
         624    0.999146    0.999146    0.999359    0.999146    0.999359
         625    0.999146    0.998932    0.998718    0.999146    0.998718
         626    0.999146    0.998718    0.999359    0.999146    0.999359
         627    0.999146    0.999359    0.998932    0.999146    0.999359
         628    0.999146    0.999146    0.998718    0.999146    0.999359
         629    0.999146    0.998718    0.998718    0.999146    0.999573
         630    0.999146    0.999786    0.999359    0.999146    0.999359
         631    0.999146    0.999359    0.999573    0.999146    0.999359
         632    0.999146    0.998932    0.999359    0.999146    0.999359
         633    0.999146    0.999359    0.999786    0.999146    0.999359
         634    0.999146    0.999359    0.998932    0.999146    0.998718
         635    0.999146    0.999146    0.999359    0.999359    0.999359
         636    0.999146    0.999573    0.999573    0.999146    0.999359
         637    0.999146    0.998932    0.999359    0.999146    0.999359
         638    0.999146    0.999573    0.999573    0.999146    0.998718
         639    0.999146    0.999359    0.998718    0.999146    0.999359
         640    0.999146    0.998932    0.998932    0.999359    0.999359
         641    0.999146    0.998932    0.999573    0.999359    0.999359
         642    0.999146    0.999573    0.999573    0.999146    0.998718
         643    0.999146    0.999359    0.999359    0.999146    0.999359
         644    0.999146    0.999359    0.999573    0.999146    0.999359
         645    0.999146    0.999573    0.999359    0.999146    0.999359
         646    0.999146    0.999146    0.998718    0.999146    0.999359
         647    0.999359    0.999146    0.999573    0.999146    0.998718
         648    0.999359    0.999359    0.999573    0.999146    0.999359
         649    0.999146    0.998932    0.998718    0.999146    0.999359
         650    0.999146    0.999573    0.999359    0.999146    0.999359
         651    0.999146    0.999359    0.999573    0.999146    0.998718
         652    0.999146    0.999359    0.998718    0.999146    0.999573
         653    0.999146    0.999146    0.998505    0.999146    0.999359
         654    1.000000    0.999359    0.999359    0.999146    0.998718
         655    0.999146    0.999146    0.999359    0.999146    0.998505
         656    0.999146    0.998932    0.999359    0.999146    0.999359
         657    0.999573    0.999146    0.999573    0.999146    0.998718
         658    0.999146    0.998505    0.998718    1.000000    0.999359
         659    1.000000    0.998718    0.999359    0.999146    0.999359
         660    0.999146    0.999146    0.999573    0.999146    0.998505
         661    0.999146    0.999573    0.999573    0.999146    0.999573
         662    0.999146    0.999146    0.999786    0.999146    0.999573
         663    0.999146    0.999359    0.999359    0.999146    0.999359
         664    0.999146    0.999359    0.998718    0.999146    0.999573
         665    0.999146    0.998932    0.998718    0.999146    0.999359
         666    0.999146    0.999359    0.999573    0.999146    0.999359
         667    0.999146    0.999146    0.999359    0.999146    0.999359
         668    0.999146    0.999359    0.998718    0.999146    0.999359
         669    0.999146    0.999359    0.999359    0.999146    0.999359
         670    0.999146    0.998718    0.998718    0.999146    0.999146
         671    0.999146    0.998932    0.998718    0.999573    0.999359
         672    0.999146    0.998505    0.999573    0.999146    0.999359
         673    1.000000    0.999146    0.998718    0.999146    0.999359
         674    0.999146    0.998932    0.999359    0.999146    0.998505
         675    0.999146    0.998932    0.999359    0.999146    0.998505
         676    0.999146    0.999786    0.999359    0.999359    0.999359
         677    0.999146    0.998718    0.999359    0.999359    0.999359
         678    0.999146    0.999146    0.999573    0.999359    0.999359
         679    0.999146    0.999359    0.998718    0.999359    0.999359
         680    0.999146    0.998932    0.998718    0.999146    0.999359
         681    0.999359    0.998932    0.999573    0.999146    0.999359
         682    0.999359    0.999146    0.999573    0.999146    0.999359
         683    0.999146    0.999146    0.999573    0.999146    0.999359
         684    0.999146    0.998932    0.998932    1.000000    0.999359
         685    0.999146    0.999359    0.999359    0.999146    0.999359
         686    0.999146    0.999146    0.998718    0.999146    0.999359
         687    0.999146    0.998718    0.999359    1.000000    0.999359
         688    0.999146    0.999359    0.999359    0.999146    0.999573
         689    0.999146    0.999573    0.999573    0.999146    0.999359
         690    0.999146    0.998932    0.999359    0.999146    0.999359
         691    0.999146    0.998932    0.998932    0.999146    0.999359
         692    0.999146    0.998718    0.999359    0.999146    0.999359
         693    0.999146    0.999146    0.999359    0.999146    0.999573
         694    0.999146    0.998718    0.998932    0.999146    0.999573
         695    1.000000    0.999146    0.998932    0.999146    0.998718
         696    0.999146    0.999573    0.999573    0.999146    0.999359
         697    0.999146    0.999146    0.999573    0.999146    0.998505
         698    0.999146    0.998932    0.999359    0.999146    0.999359
         699    0.999146    0.999359    0.999573    0.999146    0.999573
         700    0.999359    0.999359    0.998932    0.999146    0.999359
         701    0.999359    0.998932    0.999359    0.999146    0.998718
         702    0.999359    0.999573    0.998932    0.999146    0.999359
         703    0.999359    0.999573    0.999573    0.999146    0.998505
         704    0.999146    0.999146    0.999359    0.999146    0.999359
         705    0.999146    0.998932    0.998932    0.999146    0.999359
         706    0.999146    0.999573    0.998718    0.999359    0.999359
         707    0.999146    0.998932    0.999573    0.999146    0.999359
         708    0.999146    0.999359    0.999573    0.999146    0.998505
         709    0.999146    0.999573    0.999573    0.999146    0.999359
         710    0.999146    0.999786    0.999359    0.999146    0.999359
         711    0.999146    0.998932    0.998932    0.999146    0.999359
         712    0.999146    0.999359    0.998505    0.999146    0.998505
         713    0.999146    0.999146    0.999359    0.999146    0.999359
         714    0.999146    0.999146    0.999359    0.999146    0.999359
         715    0.999359    0.998932    0.999359    0.999146    0.999573
         716    0.999359    0.999573    0.999573    0.999146    0.998505
         717    0.999146    0.998932    0.998932    0.999146    0.999359
         718    0.999146    0.998932    0.998505    0.999146    0.999573
         719    0.999146    0.999359    0.998932    0.999359    0.999573
         720    0.999146    0.998718    0.998718    0.999146    0.998505
         721    0.999146    0.998932    0.999359    0.999146    0.999573
         722    0.999146    0.999359    0.999359    0.999146    0.998718
         723    0.999146    0.999573    0.999359    0.999146    0.998505
         724    0.999146    0.999146    0.999573    0.999146    0.999359
         725    0.999146    0.999573    0.999359    0.999359    0.998505
         726    0.999359    0.999146    0.999573    0.999146    0.998718
         727    0.999359    0.999146    0.999573    0.999146    0.999359
         728    0.999359    0.999359    0.999359    0.999146    0.998718
         729    0.999146    0.999146    0.999359    0.999359    0.999359
         730    0.999146    0.999146    0.999359    0.999146    0.999359
         731    0.999146    0.999146    0.998505    0.999146    0.999359
         732    0.999146    0.999573    0.999573    0.999146    0.999359
         733    0.999146    0.998932    0.999573    0.999146    0.999359
         734    0.999146    0.999146    0.998718    0.999146    0.999359
         735    0.999146    0.999359    0.998932    0.999359    0.999359
         736    0.999359    0.998932    0.999359    0.999146    0.999359
         737    0.999359    0.999146    0.999359    0.999146    0.999573
         738    0.999146    0.999786    0.999359    0.999359    0.998718
         739    0.999146    0.998932    0.998718    0.999146    0.999359
         740    0.999146    0.999359    0.999573    0.999359    0.999573
         741    0.999146    0.999359    0.998718    0.999146    0.999359
         742    0.999146    0.999359    0.999359    0.999359    0.998718
         743    0.999146    0.999146    0.999573    0.999146    0.998718
         744    0.999146    0.999146    0.999359    0.999146    0.999359
         745    0.999146    0.999573    0.999573    0.999146    0.999359
         746    0.999146    0.999146    0.998718    0.999146    0.998718
         747    0.999786    0.999146    0.999359    0.999359    0.999359
         748    0.999146    0.998932    0.999359    0.999146    0.999573
         749    0.999359    0.998932    0.999573    0.999146    0.998505
         750    1.000000    0.999786    0.998718    1.000000    0.999359
         751    1.000000    0.998932    0.998718    0.999146    0.999359
         752    0.999146    0.999359    0.999359    0.999146    0.998718
         753    0.999146    0.998932    0.998718    0.999146    0.999359
         754    0.999146    0.998718    0.999573    0.999146    0.999359
         755    0.999146    0.999146    0.999573    0.999146    0.998505
         756    0.999146    0.998932    0.999359    0.999146    0.999359
         757    0.999146    0.998932    0.998932    0.999146    0.999359
         758    0.999146    0.999146    0.999573    0.999146    0.999359
         759    0.999146    0.998505    0.999359    0.999146    0.999359
         760    0.999146    0.998718    0.998718    0.999146    0.999359
         761    0.999146    0.999146    0.999573    0.999146    0.999359
         762    0.999146    0.999146    0.999359    0.999146    0.999359
         763    0.999146    0.999573    0.998718    0.999146    0.998718
         764    0.999146    0.998505    0.998718    0.999146    0.998505
         765    0.999146    0.998718    0.999573    0.999146    0.999359
         766    0.999146    0.999146    0.999573    0.999146    0.998718
         767    0.999146    0.999146    0.998932    0.999146    0.999359
         768    0.999146    0.999786    0.998718    0.999146    0.999359
         769    0.999146    0.999359    0.999573    0.999146    0.998505
         770    0.999146    0.999146    0.999573    0.999359    0.999359
         771    0.999146    0.999146    0.998718    0.999146    0.999359
         772    0.999146    0.998932    0.998718    0.999146    0.998505
         773    1.000000    0.999359    0.999573    0.999146    0.998718
         774    0.999359    0.999786    0.999359    0.999146    0.999359
         775    0.999359    0.999573    0.999573    0.999146    0.999359
         776    0.999359    0.998932    0.999573    0.999359    0.999359
         777    0.999146    0.999146    0.999573    0.999146    0.998718
         778    0.999146    0.999786    0.999359    0.999146    0.998718
         779    0.999146    0.999146    0.999359    0.999146    0.999359
         780    0.999146    0.999146    0.998932    0.999359    0.998718
         781    0.999146    0.999146    0.999359    0.999146    0.998505
         782    0.999146    0.999146    0.999573    0.999146    0.999359
         783    0.999146    0.999146    0.999573    0.999146    0.999359
         784    0.999146    0.998932    0.998718    0.999146    0.999359
         785    0.999146    1.000000    0.999359    0.999146    0.999573
         786    0.999146    0.999786    0.999573    0.999146    0.998718
         787    0.999146    0.999359    0.999573    0.999146    0.999359
         788    0.999146    0.999146    0.999573    0.999146    0.999359
         789    0.999359    0.999359    0.998718    0.999146    0.998505
         790    0.999146    0.998932    0.998718    0.999146    0.998718
         791    0.999146    0.999146    0.999573    0.999146    0.999573
         792    0.999359    0.999786    0.999359    0.999359    0.998505
         793    0.999359    0.998932    0.999573    0.999359    0.999359
         794    0.999146    0.999359    0.999573    0.999146    0.999359
         795    0.999146    0.998718    0.999359    0.999146    0.998718
         796    0.999146    0.999359    0.999573    0.999146    0.999359
         797    0.999146    0.998505    0.998718    0.999146    0.999359
         798    0.999146    0.999359    0.999573    0.999146    0.999359
         799    0.999146    0.999359    0.999573    0.999146    0.999359
         800    0.999146    1.000000    0.998718    0.999146    0.999359
         801    0.999146    0.999359    0.998932    0.999146    0.999573
         802    1.000000    0.999786    0.998932    0.999146    0.998505
         803    0.999359    0.999359    0.999786    0.999146    0.998505
         804    0.999359    0.999573    0.999359    0.999146    0.999359
         805    0.999359    0.999146    0.999359    0.999146    0.999359
         806    0.999146    0.999359    0.998718    0.999146    0.999573
         807    0.999359    0.998932    0.998718    0.999146    0.999359
         808    0.999359    0.999146    0.998932    0.999146    0.999359
         809    0.999359    0.999146    0.999359    0.999146    0.999359
         810    0.999359    0.999359    0.998932    0.999146    0.998505
         811    0.999146    0.999359    0.999359    0.999146    0.999573
         812    0.999146    0.999146    0.998932    0.999146    0.999359
         813    0.999146    0.998718    0.999359    0.999146    0.998718
         814    0.999146    0.998718    0.999786    0.999146    0.999359
         815    0.999146    0.999573    0.998505    0.999359    0.999573
         816    0.999146    0.998505    0.999573    0.999359    0.998505
         817    0.999146    0.999359    0.999359    0.999359    0.999573
         818    0.999146    0.999786    0.998505    0.999146    0.999359
         819    0.999146    0.998718    0.998718    0.999146    0.999573
         820    0.999146    0.998932    0.999573    0.999146    0.999573
         821    0.999146    0.998932    0.999786    0.999146    0.999573
         822    0.999146    0.999359    0.999359    0.999146    0.999359
         823    0.999146    0.999359    0.999359    0.999146    0.998505
         824    0.999146    0.999146    0.999573    0.999146    0.999359
         825    0.999146    0.999146    0.999359    0.999146    0.998718
         826    0.999359    0.999573    0.999359    0.999146    0.998718
         827    0.999359    0.999146    0.999573    0.999146    0.999359
         828    0.999146    0.998718    0.999573    0.999146    0.999359
         829    0.999146    0.999573    0.999573    0.999146    0.998505
         830    0.999146    0.999573    0.999359    0.999146    0.999359
         831    0.999146    0.998932    0.999146    0.999146    0.999573
         832    0.999146    0.999359    0.998932    0.999146    0.999359
         833    0.999146    0.998932    0.998505    0.999146    0.999359
         834    0.999146    0.999359    0.999573    0.999146    0.999359
         835    0.999146    0.999359    0.999573    0.999146    0.999359
         836    0.999146    0.999359    0.998718    0.999146    0.999573
         837    0.999146    0.999146    0.998718    0.999146    0.998718
         838    0.999146    0.998718    0.999573    0.999146    0.999359
         839    0.999146    0.999573    0.999573    0.999146    0.999359
         840    0.999146    0.998505    0.999573    0.999146    0.999573
         841    0.999146    0.999573    0.999359    0.999146    0.998505
         842    0.999146    0.998932    0.999573    0.999146    0.998505
         843    0.999146    0.998932    0.999359    0.999146    0.999359
         844    0.999146    1.000000    0.999573    0.999146    0.999359
         845    0.999146    0.998932    0.998718    0.999146    0.999573
         846    0.999146    0.999146    0.998932    0.999146    0.999359
         847    0.999146    0.998718    0.999359    0.999146    0.999359
         848    0.999146    0.999359    0.999359    0.999146    0.999359
         849    0.999146    0.999359    0.999359    0.999146    0.999359
         850    0.999146    0.999786    0.998505    0.999146    0.999359
         851    1.000000    0.999359    0.999573    0.999146    0.998718
         852    0.999146    0.998932    0.999573    0.999146    0.999359
         853    0.999359    0.999146    0.999359    0.999146    0.999359
         854    0.999146    0.998932    0.998932    0.999146    0.999359
         855    0.999146    0.999146    0.999573    0.999146    0.999573
         856    0.999146    0.998932    0.998505    0.999146    0.999359
         857    0.999146    0.998932    0.998718    0.999146    0.999359
         858    0.999146    0.999786    0.999573    0.999359    0.999359
         859    0.999146    0.998932    0.999359    0.999146    0.999573
         860    0.999146    0.999359    0.999359    0.999146    0.999359
         861    0.999146    0.999359    0.999573    0.999359    0.999359
         862    0.999146    0.999146    0.999359    0.999146    0.999359
         863    0.999146    0.999786    0.999573    0.999146    0.999359
         864    0.999146    0.999573    0.998932    0.999146    0.999359
         865    0.999146    0.999359    0.998718    0.999146    0.999359
         866    0.999359    0.999359    0.998932    0.999146    0.999359
         867    0.999146    0.999146    0.998718    0.999359    0.998718
         868    0.999146    0.999359    0.999573    0.999359    0.998718
         869    0.999146    0.999359    0.998932    0.999359    0.999573
         870    0.999146    0.998932    0.998718    0.999146    0.999573
         871    0.999146    0.999359    0.999359    0.999146    0.999573
         872    0.999146    0.999146    0.998932    0.999146    0.999359
         873    0.999786    0.998932    0.999359    0.999146    0.999573
         874    0.999146    0.999146    0.999359    0.999146    0.999359
         875    0.999146    0.999359    0.998718    1.000000    0.999359
         876    0.999146    0.999146    0.998718    0.999146    0.998718
         877    0.999146    0.999359    0.998505    0.999146    0.999359
         878    0.999359    0.999359    0.998718    0.999146    0.999573
         879    0.999146    0.999573    0.999359    0.999146    0.999573
         880    0.999146    0.998932    0.999573    0.999146    0.998718
         881    0.999146    0.999146    0.999573    0.999146    0.999573
         882    0.999146    0.999359    0.999786    0.999359    0.998718
         883    0.999146    0.999573    0.999359    0.999146    0.999359
         884    0.999146    0.999786    0.998932    0.999146    0.999359
         885    0.999146    0.999359    0.998505    0.999146    0.998718
         886    0.999146    0.999359    0.999573    0.999359    0.998718
         887    0.999146    1.000000    0.998718    1.000000    0.999359
         888    0.999146    0.999573    0.999359    0.999146    0.999573
         889    0.999146    0.999146    0.999359    0.999146    0.999573
         890    0.999146    0.998932    0.998718    0.999786    0.999359
         891    0.999146    0.999146    0.999573    0.999146    0.998718
         892    0.999359    0.999146    0.998718    0.999146    0.999573
         893    0.999146    0.998932    0.999573    0.999146    0.999359
         894    0.999146    0.999573    0.999573    0.999146    0.999359
         895    0.999146    0.999359    0.999573    0.999359    0.999359
         896    0.999146    0.999146    0.999359    0.999146    0.998718
         897    0.999146    0.999359    0.998718    0.999146    0.999359
         898    0.999359    0.998718    0.998718    0.999359    0.998718
         899    0.999146    0.999573    0.998718    0.999359    0.999573
         900    0.999146    0.999786    0.999359    0.999146    0.999573
         901    0.999146    0.999146    0.999359    0.999146    0.999359
         902    0.999359    0.998718    0.998718    0.999146    0.998718
         903    1.000000    1.000000    0.998932    0.999146    0.999573
         904    0.999146    0.998932    0.999573    0.999146    0.999359
         905    0.999146    0.999573    0.998932    0.999146    0.999359
         906    0.999146    0.999359    0.998718    0.999146    0.999359
         907    0.999146    0.999146    0.998718    0.999146    0.999359
         908    0.999146    0.998932    0.998932    0.999146    0.999359
         909    0.999146    0.999359    0.998932    0.999146    0.999359
         910    0.999146    0.999359    0.999359    0.999146    0.998718
         911    0.999359    0.999359    0.999359    1.000000    0.998718
         912    0.999359    0.998505    0.999359    0.998932    0.999573
         913    0.999146    0.999359    0.999359    0.999146    0.998718
         914    0.999146    0.998932    0.999573    0.999359    0.999573
         915    0.999146    0.999359    0.999359    0.999146    0.999573
         916    0.999146    0.999146    0.999359    0.999146    0.999359
         917    0.999146    0.998718    0.999573    0.999146    0.999573
         918    0.999573    0.999573    0.999573    0.999146    0.999573
         919    0.999359    0.999146    0.998718    0.999146    0.998718
         920    0.999146    0.999359    0.999359    0.999146    0.999359
         921    0.999146    0.999146    0.999573    0.999146    0.998505
         922    0.999359    0.999146    0.999573    1.000000    0.998505
         923    0.999359    0.999146    0.999573    0.999146    0.999359
         924    0.999146    0.999146    0.998718    0.999146    0.999359
         925    0.999359    0.998932    0.999573    0.999146    0.998718
         926    0.999146    0.999359    0.999573    0.999146    0.999359
         927    0.999146    0.999359    0.999359    0.999146    0.999359
         928    0.999146    0.999146    0.998718    0.999146    0.998505
         929    0.999146    0.999359    0.998718    1.000000    0.999359
         930    0.999146    0.998932    0.999359    0.999146    0.999359
         931    0.999146    0.998718    0.999359    0.999146    0.998718
         932    0.999146    0.998718    0.998932    0.999146    0.999573
         933    0.999146    0.999146    0.999359    0.999146    0.999359
         934    0.999146    0.999146    0.998718    0.999146    0.998718
         935    0.999359    0.998932    0.998932    0.999146    0.999573
         936    0.999359    0.999573    0.999786    0.999146    0.999359
         937    0.999146    0.999573    0.999573    0.999146    0.999573
         938    0.999146    0.999359    0.999573    0.999146    0.998505
         939    0.999146    0.999573    0.999573    0.999146    0.999359
         940    0.999146    0.999359    0.999573    0.999146    0.998718
         941    0.999146    0.998718    0.998718    0.999146    0.999359
         942    0.999146    0.999359    0.998932    0.999146    0.999573
         943    0.999359    0.999573    0.999573    0.999359    0.998505
         944    0.999359    0.999359    0.999359    0.999359    0.999359
         945    0.999786    0.998718    0.999573    0.999146    0.999573
         946    0.999146    0.999359    0.998718    0.999146    0.999573
         947    0.999146    0.999146    0.999573    0.999146    0.999359
         948    0.999146    0.998718    0.999359    0.999146    0.999359
         949    0.999359    0.999359    0.999573    0.999146    0.998505
         950    1.000000    0.999359    0.999359    0.999146    0.998505
         951    0.999146    0.999786    0.999573    0.999146    0.999573
         952    0.999146    1.000000    0.998718    1.000000    0.998718
         953    0.999146    0.999786    0.999573    0.999146    0.999359
         954    1.000000    0.998932    0.999573    0.999146    0.999573
         955    0.999146    0.999359    0.998718    0.999146    0.998718
         956    0.999146    0.999146    0.999359    0.999359    0.998718
         957    0.999146    0.998505    0.998718    0.999359    0.999359
         958    0.999146    0.999573    0.999573    0.999146    0.998718
         959    0.999146    0.998932    0.999573    0.999359    0.999573
         960    0.999359    1.000000    0.998932    0.999146    0.999359
         961    0.999146    0.998505    0.999573    0.999146    0.998718
         962    0.999359    0.999359    0.999359    0.999146    0.999359
         963    0.999146    0.999573    0.998718    0.999146    0.999359
         964    0.999146    0.998932    0.999573    1.000000    0.999359
         965    0.999146    0.998932    0.999359    0.999146    0.998505
         966    0.999146    0.998932    0.999359    0.999146    0.999359
         967    0.999146    0.999786    0.998932    0.999146    0.999359
         968    0.999146    0.998505    0.998718    0.999146    0.999359
         969    0.999146    0.999146    0.999359    0.999146    0.999359
         970    0.999359    0.999573    0.999573    0.999146    0.999359
         971    0.999146    0.999359    0.999786    1.000000    0.999359
         972    0.999146    0.999359    0.999359    0.999146    0.999359
         973    0.999146    0.999146    0.998932    0.999146    0.998718
         974    0.999146    0.999359    0.999573    0.999146    0.999359
         975    0.999146    0.998932    0.999786    0.999146    0.998718
         976    0.999146    0.999573    0.998932    0.999573    0.999359
         977    0.999146    0.998505    0.999573    0.999146    0.999573
         978    0.999146    0.998932    0.999573    1.000000    0.999359
         979    0.999146    0.999359    0.999573    0.999146    0.999359
         980    0.999359    0.999359    0.999359    0.999146    0.999359
         981    0.999146    0.999146    0.999573    0.999359    0.999359
         982    0.999146    0.999146    0.998718    0.999146    0.999359
         983    0.998932    0.999146    0.998932    0.999146    0.999359
         984    0.999573    0.999359    0.998718    0.999146    0.999359
         985    0.999146    0.999573    0.999359    0.999359    0.999359
         986    0.999146    0.999146    0.999573    0.999359    0.999359
         987    0.999146    0.998505    0.999359    0.999146    0.999573
         988    0.999786    0.999573    0.999359    0.999146    0.999359
         989    0.999146    0.999359    0.999573    0.999146    0.999573
