         IDX  CYCLES_DEG
           0    0.941242
           1    0.941241
           2    0.941169
           3    0.941237
           4    0.941240
           5    0.941238
           6    0.882507
           7    0.941167
           8    0.941242
           9    0.941193
          10    0.941240
          11    0.941218
          12    0.882499
          13    0.941172
          14    0.941237
          15    0.941238
          16    0.941240
          17    0.941169
          18    0.941240
          19    0.941237
          20    0.882511
          21    0.941232
          22    0.941173
          23    0.941240
          24    0.941238
          25    0.941168
          26    0.941241
          27    0.941241
          28    0.882434
          29    0.941242
          30    0.941236
          31    0.941171
          32    0.941239
          33    0.941241
          34    0.941238
          35    0.882502
          36    0.941171
          37    0.941243
          38    0.941241
          39    0.941164
          40    0.941238
          41    0.941244
          42    0.882505
          43    0.941168
          44    0.941240
          45    0.941238
          46    0.941173
          47    0.941238
          48    0.941239
          49    0.882504
          50    0.941170
          51    0.941244
          52    0.941237
          53    0.941166
          54    0.941241
          55    0.941239
          56    0.882509
          57    0.941165
          58    0.941244
          59    0.941235
          60    0.941242
          61    0.941174
          62    0.941238
          63    0.941236
          64    0.882503
          65    0.941174
          66    0.941242
          67    0.941264
          68    0.941146
          69    0.941236
          70    0.941242
          71    0.882502
          72    0.941169
          73    0.941243
          74    0.941239
          75    0.941170
          76    0.941240
          77    0.941242
          78    0.882502
          79    0.941169
          80    0.941240
          81    0.941244
          82    0.941238
          83    0.941170
          84    0.941236
          85    0.941243
          86    0.882504
          87    0.941171
          88    0.941239
          89    0.941237
          90    0.941171
          91    0.941237
          92    0.941237
          93    0.882511
          94    0.941164
          95    0.941238
          96    0.941239
          97    0.941170
          98    0.941239
          99    0.941243
         100    0.882504
         101    0.941170
         102    0.941242
         103    0.941240
         104    0.941239
         105    0.941167
         106    0.941241
         107    0.941261
         108    0.941173
         109    0.941241
         110    0.941239
         111    0.882505
         112    0.941170
         113    0.941239
         114    0.941239
         115    0.941171
         116    0.941240
         117    0.941242
         118    0.882507
         119    0.941171
         120    0.941241
         121    0.941240
         122    0.941169
         123    0.941242
         124    0.941241
         125    0.882508
         126    0.941170
         127    0.941239
         128    0.941240
         129    0.941170
         130    0.941240
         131    0.941242
         132    0.882505
         133    0.941244
         134    0.941169
         135    0.941239
         136    0.941239
         137    0.941173
         138    0.941240
         139    0.941240
         140    0.882508
         141    0.941171
         142    0.941241
         143    0.941243
         144    0.941170
         145    0.941239
         146    0.941241
         147    0.882505
         148    0.941173
         149    0.941238
         150    0.941240
         151    0.941172
         152    0.941242
         153    0.941238
         154    0.882436
         155    0.941243
         156    0.941243
         157    0.941171
         158    0.941240
         159    0.941243
         160    0.882502
         161    0.941170
         162    0.941241
         163    0.941240
         164    0.941244
         165    0.941168
         166    0.941242
         167    0.882506
         168    0.941171
         169    0.941238
         170    0.941240
         171    0.941172
         172    0.941237
         173    0.941243
         174    0.882434
         175    0.941241
         176    0.941239
         177    0.941173
         178    0.941242
         179    0.882503
         180    0.941241
         181    0.941176
         182    0.941233
         183    0.941242
         184    0.941169
         185    0.941239
         186    0.941237
         187    0.882508
         188    0.941171
         189    0.941236
         190    0.941169
         191    0.941239
         192    0.941241
         193    0.882503
         194    0.941172
         195    0.941239
         196    0.941237
         197    0.941171
         198    0.941243
         199    0.941237
         200    0.882508
         201    0.941165
         202    0.941243
         203    0.941239
         204    0.941168
         205    0.941243
         206    0.941237
         207    0.882506
         208    0.941170
         209    0.941238
         210    0.941239
         211    0.941241
         212    0.941173
         213    0.941238
         214    0.941241
         215    0.882507
         216    0.941170
         217    0.941239
         218    0.941240
         219    0.941167
         220    0.941238
         221    0.941241
         222    0.882508
         223    0.941168
         224    0.941241
         225    0.941234
         226    0.941172
         227    0.941237
         228    0.941240
         229    0.882503
         230    0.941172
         231    0.941240
         232    0.941240
         233    0.941166
         234    0.941242
         235    0.941238
         236    0.941238
         237    0.882508
         238    0.941167
         239    0.941241
         240    0.941239
         241    0.941169
         242    0.941234
         243    0.941244
         244    0.882504
         245    0.941170
         246    0.941241
         247    0.941244
         248    0.941163
         249    0.941242
         250    0.941238
         251    0.882499
         252    0.941176
         253    0.941238
         254    0.941242
         255    0.941238
         256    0.941170
         257    0.941239
         258    0.941240
         259    0.882504
         260    0.941172
         261    0.941239
         262    0.941242
         263    0.941169
         264    0.941240
         265    0.941237
         266    0.882504
         267    0.941169
         268    0.941244
         269    0.941239
         270    0.941237
         271    0.941169
         272    0.941241
         273    0.941239
         274    0.882505
         275    0.941166
         276    0.941243
         277    0.941241
         278    0.941166
         279    0.941243
         280    0.941238
         281    0.882504
         282    0.941173
         283    0.941235
         284    0.941240
         285    0.941170
         286    0.941241
         287    0.941194
         288    0.941241
         289    0.941241
         290    0.882505
         291    0.941172
         292    0.941243
         293    0.941241
         294    0.941172
         295    0.941240
         296    0.941240
         297    0.882508
         298    0.941171
         299    0.941236
         300    0.941244
         301    0.941170
         302    0.941239
         303    0.941239
         304    0.882505
         305    0.941174
         306    0.941242
         307    0.941243
         308    0.941169
         309    0.941240
         310    0.941239
         311    0.882510
         312    0.941172
         313    0.941238
         314    0.941241
         315    0.941174
         316    0.941239
         317    0.941239
         318    0.882435
         319    0.941240
         320    0.941240
         321    0.941170
         322    0.941239
         323    0.941241
         324    0.882506
         325    0.941171
         326    0.941238
         327    0.941242
         328    0.941170
         329    0.941244
         330    0.941241
         331    0.882501
         332    0.941176
         333    0.941241
         334    0.941241
         335    0.941171
         336    0.941241
         337    0.941239
         338    0.882508
         339    0.941171
         340    0.941242
         341    0.941236
         342    0.941171
         343    0.941241
         344    0.941241
         345    0.882512
         346    0.941167
         347    0.941238
         348    0.941239
         349    0.941168
         350    0.941240
         351    0.882506
         352    0.941172
         353    0.941236
         354    0.941245
         355    0.941168
         356    0.941240
         357    0.941243
         358    0.882509
         359    0.941231
         360    0.999929
         361    0.941239
         362    0.882505
         363    0.941171
         364    0.941220
         365    0.941237
         366    0.882502
         367    0.941173
         368    0.941240
         369    0.941241
         370    0.941163
         371    0.941243
         372    0.941235
         373    0.882505
         374    0.941173
         375    0.941239
         376    0.941240
         377    0.941167
         378    0.941243
         379    0.941240
         380    0.882503
         381    0.941167
         382    0.941244
         383    0.941236
         384    0.941169
         385    0.941242
         386    0.941239
         387    0.941243
         388    0.882502
         389    0.941169
         390    0.941241
         391    0.941239
         392    0.941172
         393    0.941232
         394    0.941241
         395    0.882511
         396    0.941167
         397    0.941239
         398    0.941242
         399    0.941168
         400    0.941268
         401    0.941239
         402    0.941170
         403    0.941242
         404    0.941238
         405    0.882508
         406    0.941169
         407    0.941238
         408    0.941241
         409    0.941170
         410    0.941241
         411    0.882510
         412    0.941168
         413    0.941240
         414    0.941243
         415    0.941239
         416    0.941173
         417    0.941242
         418    0.941239
         419    0.882507
         420    0.941168
         421    0.941240
         422    0.941239
         423    0.941171
         424    0.941243
         425    0.941241
         426    0.882506
         427    0.941166
         428    0.941240
         429    0.941171
         430    0.941242
         431    0.941242
         432    0.882508
         433    0.941170
         434    0.941239
         435    0.941241
         436    0.941169
         437    0.941240
         438    0.941240
         439    0.882505
         440    0.941171
         441    0.941242
         442    0.941238
         443    0.941169
         444    0.941241
         445    0.941243
         446    0.882504
         447    0.941171
         448    0.941242
         449    0.941243
         450    0.941172
         451    0.941239
         452    0.941241
         453    0.882505
         454    0.941173
         455    0.941241
         456    0.941244
         457    0.941170
         458    0.941243
         459    0.941242
         460    0.882508
         461    0.941167
         462    0.941233
         463    0.941244
         464    0.941171
         465    0.941242
         466    0.941243
         467    0.882506
         468    0.941168
         469    0.941238
         470    0.941241
         471    0.941170
         472    0.941240
         473    0.941238
         474    0.941243
         475    0.882504
         476    0.941166
         477    0.941241
         478    0.941239
         479    0.941170
         480    0.941239
         481    0.941236
         482    0.882511
         483    0.941167
         484    0.941240
         485    0.941238
         486    0.941170
         487    0.941241
         488    0.941244
         489    0.882506
         490    0.941169
         491    0.941240
         492    0.941238
         493    0.941242
         494    0.941169
         495    0.941240
         496    0.941239
         497    0.882503
         498    0.941173
         499    0.941238
         500    0.941171
         501    0.941237
         502    0.941241
         503    0.941241
         504    0.882432
         505    0.941244
         506    0.941241
         507    0.941169
         508    0.941237
         509    0.941237
         510    0.882508
         511    0.941238
         512    0.941171
         513    0.941240
         514    0.941242
         515    0.941168
         516    0.941241
         517    0.941236
         518    0.941241
         519    0.882503
         520    0.941173
         521    0.941235
         522    0.941239
         523    0.941175
         524    0.941237
         525    0.941238
         526    0.882505
         527    0.941171
         528    0.941242
         529    0.941238
         530    0.941195
         531    0.941238
         532    0.941244
         533    0.941170
         534    0.941239
         535    0.882504
         536    0.941171
         537    0.941239
         538    0.941238
         539    0.941171
         540    0.941237
         541    0.941243
         542    0.882505
         543    0.941173
         544    0.941240
         545    0.941240
         546    0.941169
         547    0.941240
         548    0.941241
         549    0.882505
         550    0.941169
         551    0.941239
         552    0.941240
         553    0.941170
         554    0.941241
         555    0.882506
         556    0.941171
         557    0.941240
         558    0.941240
         559    0.941170
         560    0.941239
         561    0.941239
         562    0.941244
         563    0.882436
         564    0.941243
         565    0.941239
         566    0.941171
         567    0.941240
         568    0.941240
         569    0.882507
         570    0.941170
         571    0.941240
         572    0.941240
         573    0.941172
         574    0.941244
         575    0.941243
         576    0.882504
         577    0.941172
         578    0.941243
         579    0.941237
         580    0.941242
         581    0.941173
         582    0.941241
         583    0.941241
         584    0.882505
         585    0.941174
         586    0.941241
         587    0.941170
         588    0.941239
         589    0.941240
         590    0.882505
         591    0.941168
         592    0.941241
         593    0.941174
         594    0.941241
         595    0.941245
         596    0.941242
         597    0.882508
         598    0.941169
         599    0.941243
         600    0.941168
         601    0.941228
         602    0.882506
         603    0.941171
         604    0.941243
         605    0.941239
         606    0.941173
         607    0.941243
         608    0.941239
         609    0.882509
         610    0.941166
         611    0.941240
         612    0.941242
         613    0.941167
         614    0.941240
         615    0.941240
         616    0.941241
         617    0.882507
         618    0.941168
         619    0.941241
         620    0.941238
         621    0.941172
         622    0.941237
         623    0.941243
         624    0.882501
         625    0.941168
         626    0.941241
         627    0.941240
         628    0.941169
         629    0.941236
         630    0.941240
         631    0.882504
         632    0.941244
         633    0.941167
         634    0.941238
         635    0.941241
         636    0.941170
         637    0.941244
         638    0.941235
         639    0.882506
         640    0.941172
         641    0.999998
         642    0.882505
         643    0.941172
         644    0.941219
         645    0.941238
         646    0.882500
         647    0.941171
         648    0.941243
         649    0.941165
         650    0.941244
         651    0.941236
         652    0.941241
         653    0.882435
         654    0.941239
         655    0.941241
         656    0.941167
         657    0.941238
         658    0.941239
         659    0.882503
         660    0.941171
         661    0.941240
         662    0.941240
         663    0.941241
         664    0.941170
         665    0.941237
         666    0.941243
         667    0.882502
         668    0.941171
         669    0.941239
         670    0.941167
         671    0.941241
         672    0.941241
         673    0.941239
         674    0.882506
         675    0.941168
         676    0.941239
         677    0.941239
         678    0.941171
         679    0.941238
         680    0.941239
         681    0.882504
         682    0.941174
         683    0.941239
         684    0.941241
         685    0.941168
         686    0.941241
         687    0.941239
         688    0.882503
         689    0.941170
         690    0.941243
         691    0.941168
         692    0.941241
         693    0.941242
         694    0.941237
         695    0.882503
         696    0.941169
         697    0.941244
         698    0.941236
         699    0.941174
         700    0.941239
         701    0.941237
         702    0.882509
         703    0.941167
         704    0.941244
         705    0.941169
         706    0.941235
         707    0.941242
         708    0.941236
         709    0.882506
         710    0.941171
         711    0.941243
         712    0.941232
         713    0.941172
         714    0.941240
         715    0.941236
         716    0.882506
         717    0.941242
         718    0.941169
         719    0.941238
         720    0.941240
         721    0.941169
         722    0.941238
         723    0.941241
         724    0.882511
         725    0.941167
         726    0.941237
         727    0.941244
         728    0.941168
         729    0.941238
         730    0.941238
         731    0.941237
         732    0.882503
         733    0.941172
         734    0.941239
         735    0.941237
         736    0.941241
         737    0.941169
         738    0.941241
         739    0.941238
         740    0.882507
         741    0.941169
         742    0.941241
         743    0.941241
         744    0.941169
         745    0.941240
         746    0.941262
         747    0.941241
         748    0.941171
         749    0.941243
         750    0.882505
         751    0.941242
         752    0.941173
         753    0.941241
         754    0.941244
         755    0.941170
         756    0.941244
         757    0.941239
         758    0.882505
         759    0.941240
         760    0.941174
         761    0.941243
         762    0.941171
         763    0.941241
         764    0.941244
         765    0.882506
         766    0.941171
         767    0.941238
         768    0.941240
         769    0.941171
         770    0.941237
         771    0.941243
         772    0.882505
         773    0.941172
         774    0.941240
         775    0.941239
         776    0.941171
         777    0.941238
         778    0.941241
         779    0.882505
         780    0.941170
         781    0.941242
         782    0.941241
         783    0.941170
         784    0.941238
         785    0.941240
         786    0.882507
         787    0.941173
         788    0.941237
         789    0.941240
         790    0.941240
         791    0.941172
         792    0.941238
         793    0.941240
         794    0.882504
         795    0.941170
         796    0.941245
         797    0.941237
         798    0.941171
         799    0.941239
         800    0.882503
         801    0.941172
         802    0.941238
         803    0.941243
         804    0.941168
         805    0.941242
         806    0.941238
         807    0.882504
         808    0.941238
         809    0.941170
         810    0.941238
         811    0.941243
         812    0.941167
         813    0.941239
         814    0.882510
         815    0.941169
         816    0.941240
         817    0.941238
         818    0.941242
         819    0.941166
         820    0.941241
         821    0.941238
         822    0.882504
         823    0.941173
         824    0.941237
         825    0.941236
         826    0.941170
         827    0.941244
         828    0.882503
         829    0.941239
         830    0.941170
         831    0.941240
         832    0.941243
         833    0.941168
         834    0.941239
         835    0.941237
         836    0.882509
         837    0.941167
         838    0.941240
         839    0.941240
         840    0.941164
         841    0.941240
         842    0.941239
         843    0.882509
         844    0.941167
         845    0.941235
         846    0.941245
         847    0.941168
         848    0.941241
         849    0.941239
         850    0.882508
         851    0.941170
         852    0.941238
         853    0.941239
         854    0.941171
         855    0.941241
         856    0.941237
         857    0.882510
         858    0.941169
         859    0.941236
         860    0.941241
         861    0.941237
         862    0.941171
         863    0.941240
         864    0.941240
         865    0.882505
         866    0.941175
         867    0.941236
         868    0.941240
         869    0.941170
         870    0.941235
         871    0.941240
         872    0.941240
         873    0.882503
         874    0.941174
         875    0.941236
         876    0.941239
         877    0.941172
         878    0.941240
         879    0.941238
         880    0.882507
         881    0.941168
         882    0.941240
         883    0.941246
         884    0.941236
         885    0.941167
         886    0.941240
         887    0.941242
         888    0.882501
         889    0.941170
         890    0.941242
         891    0.941238
         892    0.941168
         893    0.941240
         894    0.941238
         895    0.882504
         896    0.941170
         897    0.941241
         898    0.941172
         899    0.941240
         900    0.941241
         901    0.882509
         902    0.941169
         903    0.941240
         904    0.941239
         905    0.941168
         906    0.941240
         907    0.882506
         908    0.941238
         909    0.941166
         910    0.941246
         911    0.941237
         912    0.941168
         913    0.941240
         914    0.941240
         915    0.882507
         916    0.941237
         917    0.941170
         918    0.941240
         919    0.941238
         920    0.941168
         921    0.941241
         922    0.882504
         923    0.941240
         924    0.941166
         925    0.941240
         926    0.941168
         927    0.941242
         928    0.941240
         929    0.882507
         930    0.941167
         931    0.941242
         932    0.941239
         933    0.941239
         934    0.941165
         935    0.941241
         936    0.882510
         937    0.941167
         938    0.941243
         939    0.941236
         940    0.941170
         941    0.941242
         942    0.941237
         943    0.882507
         944    0.999928
         945    0.941244
         946    0.882507
         947    0.941165
         948    0.941238
         949    0.941242
         950    0.941171
         951    0.941241
         952    0.941240
         953    0.882503
         954    0.941174
         955    0.941240
         956    0.941240
         957    0.941169
         958    0.941244
         959    0.941241
         960    0.941242
         961    0.882508
         962    0.941168
         963    0.941238
         964    0.941173
         965    0.941239
         966    0.941239
         967    0.882505
         968    0.941169
         969    0.941240
         970    0.941243
         971    0.941171
         972    0.941241
         973    0.941243
         974    0.882506
         975    0.941168
         976    0.941242
         977    0.941239
         978    0.941172
         979    0.941240
         980    0.882508
         981    0.941174
         982    0.941237
         983    0.941242
         984    0.941172
         985    0.941240
         986    0.941240
         987    0.882506
         988    0.941171
         989    0.941238
