         IDX      L1D-WB
           0        3966
           1        3971
           2        3972
           3        3974
           4        3973
           5        3960
           6        3963
           7        3962
           8        3961
           9        3963
          10        3970
          11        3965
          12        3960
          13        3967
          14        3970
          15        3957
          16        3971
          17        3972
          18        3968
          19        3971
          20        3977
          21        3965
          22        3968
          23        3972
          24        3976
          25        3955
          26        3949
          27        3971
          28        3949
          29        3963
          30        3972
          31        3962
          32        3971
          33        3966
          34        3968
          35        3972
          36        3970
          37        3968
          38        3971
          39        3965
          40        3954
          41        3964
          42        3971
          43        3971
          44        3950
          45        3964
          46        3968
          47        3956
          48        3968
          49        3966
          50        3971
          51        3970
          52        3953
          53        3968
          54        3969
          55        3968
          56        3958
          57        3965
          58        3972
          59        3958
          60        3977
          61        3979
          62        3973
          63        3962
          64        3955
          65        3962
          66        3973
          67        3982
          68        3956
          69        3959
          70        3967
          71        3951
          72        3962
          73        3963
          74        3970
          75        3970
          76        3975
          77        3969
          78        3958
          79        3963
          80        3968
          81        3971
          82        3957
          83        3962
          84        3972
          85        3965
          86        3960
          87        3971
          88        3973
          89        3966
          90        3970
          91        3962
          92        3955
          93        3970
          94        3973
          95        3966
          96        3962
          97        3965
          98        3974
          99        3965
         100        3953
         101        3959
         102        3979
         103        3965
         104        3970
         105        3961
         106        3973
         107        3970
         108        3963
         109        3979
         110        3969
         111        3955
         112        3966
         113        3968
         114        3964
         115        3961
         116        3973
         117        3955
         118        3960
         119        3973
         120        3963
         121        3969
         122        3968
         123        3976
         124        3971
         125        3967
         126        3965
         127        3950
         128        3972
         129        3966
         130        3964
         131        3965
         132        3970
         133        3974
         134        3965
         135        3969
         136        3955
         137        3965
         138        3971
         139        3971
         140        3970
         141        3977
         142        3968
         143        3972
         144        3967
         145        3952
         146        3965
         147        3970
         148        3969
         149        3961
         150        3957
         151        3966
         152        3968
         153        3961
         154        3961
         155        3967
         156        3965
         157        3964
         158        3964
         159        3969
         160        3958
         161        3964
         162        3963
         163        3973
         164        3971
         165        3954
         166        3962
         167        3964
         168        3968
         169        3964
         170        3965
         171        3975
         172        3956
         173        3963
         174        3938
         175        3964
         176        3956
         177        3974
         178        3955
         179        3952
         180        3968
         181        3967
         182        3976
         183        3963
         184        3971
         185        3967
         186        3962
         187        3959
         188        3967
         189        3949
         190        3957
         191        3961
         192        3967
         193        3957
         194        3957
         195        3974
         196        3970
         197        3963
         198        3964
         199        3961
         200        3969
         201        3955
         202        3970
         203        3963
         204        3954
         205        3961
         206        3972
         207        3974
         208        3963
         209        3970
         210        3972
         211        3963
         212        3971
         213        3969
         214        3966
         215        3962
         216        3958
         217        3963
         218        3970
         219        3963
         220        3964
         221        3969
         222        3971
         223        3965
         224        3964
         225        3957
         226        3969
         227        3968
         228        3957
         229        3950
         230        3976
         231        3962
         232        3970
         233        3971
         234        3970
         235        3966
         236        3971
         237        3971
         238        3968
         239        3967
         240        3962
         241        3958
         242        3956
         243        3970
         244        3967
         245        3969
         246        3969
         247        3961
         248        3971
         249        3973
         250        3959
         251        3959
         252        3970
         253        3971
         254        3974
         255        3963
         256        3958
         257        3967
         258        3968
         259        3968
         260        3971
         261        3964
         262        3964
         263        3965
         264        3969
         265        3966
         266        3960
         267        3969
         268        3968
         269        3969
         270        3971
         271        3968
         272        3968
         273        3963
         274        3961
         275        3971
         276        3967
         277        3964
         278        3955
         279        3966
         280        3966
         281        3967
         282        3962
         283        3964
         284        3972
         285        3962
         286        3964
         287        3964
         288        3970
         289        3963
         290        3954
         291        3972
         292        3961
         293        3972
         294        3956
         295        3954
         296        3968
         297        3962
         298        3954
         299        3962
         300        3971
         301        3961
         302        3960
         303        3969
         304        3972
         305        3964
         306        3976
         307        3971
         308        3961
         309        3971
         310        3953
         311        3982
         312        3962
         313        3971
         314        3960
         315        3970
         316        3953
         317        3961
         318        3963
         319        3966
         320        3964
         321        3965
         322        3965
         323        3959
         324        3968
         325        3966
         326        3968
         327        3961
         328        3973
         329        3971
         330        3974
         331        3953
         332        3964
         333        3965
         334        3966
         335        3971
         336        3960
         337        3957
         338        3971
         339        3967
         340        3956
         341        3966
         342        3976
         343        3964
         344        3968
         345        3959
         346        3964
         347        3964
         348        3961
         349        3958
         350        3969
         351        3951
         352        3968
         353        3967
         354        3966
         355        3961
         356        3962
         357        3968
         358        3971
         359        3967
         360        3981
         361        3965
         362        3961
         363        3973
         364        3965
         365        3968
         366        3957
         367        3962
         368        3967
         369        3967
         370        3964
         371        3965
         372        3961
         373        3962
         374        3972
         375        3966
         376        3966
         377        3956
         378        3962
         379        3966
         380        3974
         381        3959
         382        3968
         383        3963
         384        3960
         385        3964
         386        3968
         387        3970
         388        3975
         389        3966
         390        3969
         391        3970
         392        3965
         393        3955
         394        3959
         395        3971
         396        3964
         397        3967
         398        3961
         399        3958
         400        3973
         401        3962
         402        3966
         403        3966
         404        3970
         405        3963
         406        3968
         407        3972
         408        3965
         409        3956
         410        3959
         411        3961
         412        3968
         413        3961
         414        3972
         415        3971
         416        3969
         417        3973
         418        3960
         419        3965
         420        3956
         421        3967
         422        3964
         423        3971
         424        3976
         425        3966
         426        3963
         427        3955
         428        3949
         429        3971
         430        3969
         431        3955
         432        3963
         433        3962
         434        3961
         435        3968
         436        3970
         437        3967
         438        3960
         439        3969
         440        3962
         441        3973
         442        3962
         443        3966
         444        3961
         445        3964
         446        3964
         447        3954
         448        3976
         449        3965
         450        3972
         451        3959
         452        3962
         453        3973
         454        3969
         455        3963
         456        3972
         457        3968
         458        3974
         459        3976
         460        3966
         461        3967
         462        3936
         463        3976
         464        3968
         465        3967
         466        3970
         467        3959
         468        3962
         469        3964
         470        3968
         471        3963
         472        3977
         473        3973
         474        3974
         475        3966
         476        3961
         477        3970
         478        3954
         479        3973
         480        3969
         481        3960
         482        3964
         483        3962
         484        3973
         485        3976
         486        3963
         487        3958
         488        3970
         489        3964
         490        3968
         491        3969
         492        3966
         493        3968
         494        3969
         495        3966
         496        3964
         497        3958
         498        3964
         499        3958
         500        3962
         501        3962
         502        3973
         503        3970
         504        3944
         505        3975
         506        3962
         507        3964
         508        3970
         509        3967
         510        3960
         511        3968
         512        3965
         513        3972
         514        3967
         515        3963
         516        3968
         517        3976
         518        3973
         519        3968
         520        3973
         521        3959
         522        3958
         523        3967
         524        3966
         525        3967
         526        3952
         527        3970
         528        3967
         529        3973
         530        3970
         531        3965
         532        3956
         533        3965
         534        3956
         535        3965
         536        3965
         537        3954
         538        3963
         539        3973
         540        3967
         541        3965
         542        3968
         543        3968
         544        3962
         545        3964
         546        3963
         547        3966
         548        3966
         549        3969
         550        3953
         551        3957
         552        3965
         553        3966
         554        3958
         555        3957
         556        3954
         557        3969
         558        3968
         559        3969
         560        3959
         561        3972
         562        3974
         563        3965
         564        3962
         565        3955
         566        3958
         567        3971
         568        3952
         569        3962
         570        3976
         571        3964
         572        3969
         573        3956
         574        3970
         575        3980
         576        3968
         577        3969
         578        3960
         579        3977
         580        3971
         581        3965
         582        3969
         583        3970
         584        3963
         585        3966
         586        3968
         587        3949
         588        3958
         589        3959
         590        3963
         591        3961
         592        3959
         593        3958
         594        3976
         595        3971
         596        3971
         597        3966
         598        3948
         599        3967
         600        3958
         601        3940
         602        3957
         603        3963
         604        3970
         605        3956
         606        3960
         607        3972
         608        3972
         609        3969
         610        3963
         611        3958
         612        3970
         613        3961
         614        3969
         615        3965
         616        3977
         617        3965
         618        3962
         619        3970
         620        3962
         621        3971
         622        3962
         623        3965
         624        3959
         625        3968
         626        3963
         627        3975
         628        3978
         629        3961
         630        3963
         631        3970
         632        3973
         633        3971
         634        3973
         635        3958
         636        3957
         637        3968
         638        3961
         639        3965
         640        3962
         641        3979
         642        3956
         643        3963
         644        3955
         645        3970
         646        3964
         647        3953
         648        3970
         649        3955
         650        3966
         651        3963
         652        3970
         653        3959
         654        3956
         655        3962
         656        3968
         657        3979
         658        3954
         659        3966
         660        3962
         661        3966
         662        3966
         663        3973
         664        3975
         665        3960
         666        3971
         667        3963
         668        3960
         669        3960
         670        3946
         671        3968
         672        3964
         673        3978
         674        3965
         675        3966
         676        3965
         677        3966
         678        3974
         679        3960
         680        3959
         681        3951
         682        3971
         683        3964
         684        3967
         685        3963
         686        3959
         687        3971
         688        3964
         689        3951
         690        3965
         691        3961
         692        3969
         693        3973
         694        3971
         695        3968
         696        3965
         697        3962
         698        3959
         699        3959
         700        3965
         701        3960
         702        3967
         703        3950
         704        3968
         705        3971
         706        3964
         707        3972
         708        3968
         709        3970
         710        3966
         711        3969
         712        3957
         713        3980
         714        3975
         715        3956
         716        3967
         717        3967
         718        3977
         719        3959
         720        3974
         721        3976
         722        3960
         723        3958
         724        3972
         725        3960
         726        3963
         727        3977
         728        3968
         729        3971
         730        3970
         731        3965
         732        3973
         733        3963
         734        3975
         735        3974
         736        3965
         737        3962
         738        3965
         739        3975
         740        3967
         741        3964
         742        3963
         743        3963
         744        3967
         745        3975
         746        3974
         747        3966
         748        3966
         749        3964
         750        3968
         751        3972
         752        3980
         753        3963
         754        3967
         755        3972
         756        3965
         757        3975
         758        3974
         759        3967
         760        3968
         761        3969
         762        3971
         763        3964
         764        3957
         765        3955
         766        3969
         767        3954
         768        3966
         769        3970
         770        3959
         771        3966
         772        3962
         773        3973
         774        3968
         775        3960
         776        3962
         777        3969
         778        3962
         779        3962
         780        3962
         781        3986
         782        3969
         783        3971
         784        3961
         785        3969
         786        3964
         787        3975
         788        3961
         789        3967
         790        3968
         791        3972
         792        3962
         793        3966
         794        3965
         795        3965
         796        3972
         797        3966
         798        3966
         799        3950
         800        3975
         801        3964
         802        3958
         803        3963
         804        3962
         805        3975
         806        3968
         807        3961
         808        3976
         809        3962
         810        3965
         811        3971
         812        3951
         813        3958
         814        3971
         815        3969
         816        3973
         817        3957
         818        3969
         819        3974
         820        3962
         821        3960
         822        3966
         823        3959
         824        3965
         825        3959
         826        3963
         827        3964
         828        3960
         829        3980
         830        3968
         831        3963
         832        3962
         833        3972
         834        3967
         835        3960
         836        3964
         837        3964
         838        3969
         839        3960
         840        3967
         841        3967
         842        3957
         843        3965
         844        3963
         845        3965
         846        3963
         847        3949
         848        3970
         849        3967
         850        3961
         851        3972
         852        3962
         853        3969
         854        3970
         855        3964
         856        3964
         857        3965
         858        3975
         859        3965
         860        3968
         861        3964
         862        3976
         863        3966
         864        3961
         865        3959
         866        3977
         867        3972
         868        3968
         869        3968
         870        3972
         871        3966
         872        3960
         873        3964
         874        3971
         875        3978
         876        3961
         877        3958
         878        3964
         879        3970
         880        3965
         881        3970
         882        3966
         883        3981
         884        3969
         885        3974
         886        3961
         887        3962
         888        3957
         889        3974
         890        3966
         891        3964
         892        3953
         893        3954
         894        3975
         895        3959
         896        3964
         897        3956
         898        3952
         899        3956
         900        3968
         901        3960
         902        3964
         903        3966
         904        3958
         905        3956
         906        3963
         907        3972
         908        3970
         909        3965
         910        3958
         911        3972
         912        3961
         913        3969
         914        3970
         915        3968
         916        3978
         917        3965
         918        3965
         919        3968
         920        3958
         921        3961
         922        3965
         923        3972
         924        3967
         925        3960
         926        3954
         927        3966
         928        3966
         929        3964
         930        3966
         931        3968
         932        3970
         933        3960
         934        3955
         935        3957
         936        3960
         937        3962
         938        3968
         939        3966
         940        3969
         941        3968
         942        3958
         943        3960
         944        3976
         945        3974
         946        3967
         947        3964
         948        3965
         949        3963
         950        3970
         951        3967
         952        3961
         953        3963
         954        3962
         955        3971
         956        3964
         957        3967
         958        3973
         959        3966
         960        3963
         961        3973
         962        3953
         963        3953
         964        3967
         965        3968
         966        3960
         967        3958
         968        3973
         969        3954
         970        3969
         971        3959
         972        3968
         973        3960
         974        3964
         975        3964
         976        3970
         977        3973
         978        3958
         979        3960
         980        3957
         981        3964
         982        3963
         983        3961
         984        3983
         985        3948
         986        3969
         987        3960
         988        3969
         989        3961
