         IDX      CYCLES
           0     9065605
           1     9022530
           2     9082545
           3     9089834
           4     9114406
           5     9052778
           6     9079129
           7     9075694
           8     9050555
           9     9054866
          10     9073865
          11     9077983
          12     9082108
          13     9031266
          14     9112556
          15     9076993
          16     9063472
          17     9070080
          18     9109289
          19     9089604
          20     9061713
          21     9054970
          22     9106008
          23     9091756
          24     9084376
          25     9035426
          26     9095717
          27     9070546
          28     9056469
          29     9061054
          30     9079481
          31     9050088
          32     9080329
          33     9048798
          34     9101229
          35     9074107
          36     9086136
          37     9104274
          38     9075013
          39     9096460
          40     9071784
          41     9091622
          42     9068099
          43     9103030
          44     9079273
          45     9081279
          46     9067224
          47     9089742
          48     9086187
          49     9055826
          50     9107036
          51     9100400
          52     9097561
          53     9036253
          54     9097452
          55     9044615
          56     9056299
          57     9063667
          58     9087136
          59     9076484
          60     9085198
          61     9077509
          62     9093370
          63     9093980
          64     9106137
          65     9074938
          66     9058379
          67     9103076
          68     9097704
          69     9101599
          70     9038649
          71     9066201
          72     9084783
          73     9065947
          74     9078359
          75     9061356
          76     9091514
          77     9080892
          78     9087325
          79     9047002
          80     9062150
          81     9089787
          82     9073066
          83     9064171
          84     9057699
          85     9032288
          86     9051775
          87     9058583
          88     9086236
          89     9050869
          90     9065303
          91     9106701
          92     9059160
          93     9069746
          94     9092319
          95     9064926
          96     9050795
          97     9087268
          98     9091851
          99     9048710
         100     9069386
         101     9097524
         102     9104321
         103     9061451
         104     9086100
         105     9084121
         106     9057154
         107     9119798
         108     9088990
         109     9067293
         110     9080888
         111     9058580
         112     9069487
         113     9090901
         114     9057846
         115     9109797
         116     9077608
         117     9084908
         118     9100188
         119     9071364
         120     9095715
         121     9050054
         122     9094395
         123     9034350
         124     9081320
         125     9091509
         126     9068378
         127     9084495
         128     9066366
         129     9082861
         130     9104738
         131     9097407
         132     9064207
         133     9048360
         134     9078716
         135     9078607
         136     9088749
         137     9085192
         138     9087257
         139     9055001
         140     9108032
         141     9077324
         142     9072056
         143     9099678
         144     9054009
         145     9044908
         146     9041720
         147     9092657
         148     9095206
         149     9094992
         150     9038545
         151     9089721
         152     9023141
         153     9078602
         154     9049218
         155     9045028
         156     9083468
         157     9061305
         158     9053054
         159     9109784
         160     9065189
         161     9055856
         162     9070701
         163     9082151
         164     9069131
         165     9065998
         166     9052380
         167     9106856
         168     9034831
         169     9092587
         170     9075111
         171     9078346
         172     9069498
         173     9075043
         174     9071322
         175     9080076
         176     9070270
         177     9112995
         178     9082567
         179     9062102
         180     9057389
         181     9077743
         182     9091309
         183     9070166
         184     9079616
         185     9055890
         186     9097171
         187     9056200
         188     9063288
         189     9040806
         190     9086854
         191     9046094
         192     9088840
         193     9062662
         194     9069415
         195     9083548
         196     9074353
         197     9071634
         198     9070039
         199     9067476
         200     9049567
         201     9077157
         202     9107005
         203     9088096
         204     9074296
         205     9079140
         206     9071140
         207     9037307
         208     9058275
         209     9110526
         210     9076734
         211     9098929
         212     9006546
         213     9095460
         214     9099725
         215     9056456
         216     9064033
         217     9065490
         218     9081349
         219     9106272
         220     9059216
         221     9087671
         222     9078536
         223     9091999
         224     9067466
         225     9085779
         226     9088246
         227     9053410
         228     9092200
         229     9083781
         230     9084821
         231     9089820
         232     9101614
         233     9058160
         234     9092546
         235     9079015
         236     9036995
         237     9090631
         238     9093080
         239     9065718
         240     9068185
         241     9068794
         242     9061474
         243     9058356
         244     9117096
         245     9059486
         246     9098258
         247     9055973
         248     9070379
         249     9100125
         250     9064396
         251     9110461
         252     9056573
         253     9064118
         254     9090535
         255     9073559
         256     9057671
         257     9106489
         258     9017524
         259     9090717
         260     9094270
         261     9061319
         262     9098564
         263     9114842
         264     9089088
         265     9069864
         266     9077464
         267     9056285
         268     9084266
         269     9096736
         270     9077249
         271     9092335
         272     9042321
         273     9102166
         274     9100938
         275     9098855
         276     9023810
         277     9049370
         278     9103891
         279     9082511
         280     9096626
         281     9047863
         282     9082672
         283     9059806
         284     9102685
         285     9017526
         286     9109160
         287     9064785
         288     9094561
         289     9055470
         290     9069354
         291     9095325
         292     9081406
         293     9078103
         294     9079750
         295     9105034
         296     9053867
         297     9087572
         298     9092525
         299     9047375
         300     9068978
         301     9074534
         302     9082754
         303     9072840
         304     9104379
         305     9059169
         306     9107698
         307     9064626
         308     9039880
         309     9115630
         310     9045946
         311     9103202
         312     9072016
         313     9105476
         314     9065120
         315     9078700
         316     9096213
         317     9051846
         318     9075357
         319     9092616
         320     9075998
         321     9104775
         322     9052978
         323     9086524
         324     9071318
         325     9089239
         326     9055701
         327     9113697
         328     9056267
         329     9087481
         330     9082410
         331     9080162
         332     9101080
         333     9079498
         334     9066191
         335     9080082
         336     9083854
         337     9075574
         338     9115459
         339     9070396
         340     9041829
         341     9115655
         342     9065734
         343     9082135
         344     9034337
         345     9093505
         346     9078231
         347     9085716
         348     9082354
         349     9092293
         350     9037278
         351     9076192
         352     9074960
         353     9103065
         354     9090884
         355     9079848
         356     9054164
         357     9087559
         358     9085789
         359     9093712
         360     9084591
         361     9072939
         362     9040091
         363     9102604
         364     9072710
         365     9083319
         366     9076139
         367     9071273
         368     9082190
         369     9049655
         370     9084764
         371     9056506
         372     9101544
         373     9071191
         374     9075224
         375     9079886
         376     9089427
         377     9062676
         378     9089881
         379     9102481
         380     9077412
         381     9067509
         382     9060924
         383     9101585
         384     9085155
         385     9074488
         386     9078664
         387     9077841
         388     9062635
         389     9069787
         390     9113680
         391     9096951
         392     9056650
         393     9086626
         394     9056460
         395     9063697
         396     9066330
         397     9064599
         398     9102870
         399     9110234
         400     9053212
         401     9104404
         402     9097776
         403     9069295
         404     9058100
         405     9103404
         406     9056605
         407     9018404
         408     9091682
         409     9076612
         410     9083079
         411     9077570
         412     9120371
         413     9103372
         414     9068723
         415     9069868
         416     9044573
         417     9102475
         418     9043587
         419     9077115
         420     9091971
         421     9093030
         422     9014429
         423     9109631
         424     9079440
         425     9056891
         426     9114306
         427     9087322
         428     9048651
         429     9111239
         430     9100692
         431     9068572
         432     9078029
         433     9082891
         434     9054735
         435     9066275
         436     9125184
         437     9098435
         438     9072494
         439     9081293
         440     9069256
         441     9073059
         442     9038775
         443     9071967
         444     9083133
         445     9075003
         446     9071804
         447     9058041
         448     9079556
         449     9053821
         450     9082920
         451     9092075
         452     9078838
         453     9044840
         454     9075596
         455     9077814
         456     9075335
         457     9097350
         458     9015521
         459     9103059
         460     9086228
         461     9052167
         462     9096330
         463     9051293
         464     9110332
         465     9049240
         466     9076624
         467     9088846
         468     9053006
         469     9115649
         470     9083075
         471     9049497
         472     9084852
         473     9119870
         474     9053130
         475     9083555
         476     9046591
         477     9074681
         478     9107493
         479     9077445
         480     9042606
         481     9053583
         482     9073041
         483     9065830
         484     9106816
         485     9048940
         486     9076865
         487     9029200
         488     9096392
         489     9054853
         490     9054585
         491     9102613
         492     9061074
         493     9086800
         494     9094849
         495     9086315
         496     9086905
         497     9077914
         498     9064625
         499     9104470
         500     9045530
         501     9096638
         502     9064005
         503     9078834
         504     9110647
         505     9070600
         506     9077292
         507     9037200
         508     9034825
         509     9087533
         510     9029700
         511     9095599
         512     9081063
         513     9057873
         514     9107122
         515     9090619
         516     9088291
         517     9066964
         518     9041957
         519     9124025
         520     9083873
         521     9073601
         522     9081213
         523     9045205
         524     9082168
         525     9066837
         526     9051930
         527     9077967
         528     9063775
         529     9063507
         530     9063835
         531     9103262
         532     9052528
         533     9070654
         534     9091343
         535     9072504
         536     9065955
         537     9065390
         538     9107310
         539     9080524
         540     9078605
         541     9097209
         542     9063274
         543     9062236
         544     9053942
         545     9081511
         546     9065538
         547     9086091
         548     9097278
         549     9091365
         550     9037379
         551     9087136
         552     9102176
         553     9103996
         554     9065023
         555     9085244
         556     9048096
         557     9062080
         558     9060482
         559     9077508
         560     9060822
         561     9007720
         562     9101892
         563     9089413
         564     9079749
         565     9076811
         566     9095902
         567     9074485
         568     9067320
         569     9110730
         570     9093990
         571     9047911
         572     9087028
         573     9085550
         574     9080724
         575     9062560
         576     9066238
         577     9024653
         578     9100456
         579     9088377
         580     9023743
         581     9079412
         582     9081591
         583     9074020
         584     9096489
         585     9059428
         586     9048862
         587     9105870
         588     9065678
         589     9100489
         590     9051907
         591     9095968
         592     9094346
         593     9081823
         594     9065560
         595     9091586
         596     9048612
         597     9069258
         598     9079559
         599     9080410
         600     9051259
         601     9098296
         602     9063157
         603     9074560
         604     9078612
         605     9092593
         606     9045436
         607     9039546
         608     9083032
         609     9078722
         610     9072470
         611     9070987
         612     9115344
         613     9025203
         614     9024174
         615     9125780
         616     9072065
         617     9058351
         618     9089061
         619     9085168
         620     9050512
         621     9079146
         622     9110831
         623     9083679
         624     9049964
         625     9041439
         626     9081329
         627     9062159
         628     9068462
         629     9075643
         630     9082511
         631     9121626
         632     9071593
         633     9090979
         634     9119660
         635     9080239
         636     9049775
         637     9084518
         638     9090576
         639     9092346
         640     9048363
         641     9055020
         642     9100074
         643     9062485
         644     9075009
         645     9081464
         646     9082477
         647     9092853
         648     9061993
         649     9091778
         650     9056569
         651     9078767
         652     9081302
         653     9063440
         654     9070497
         655     9072019
         656     9089421
         657     9086292
         658     9104784
         659     9063053
         660     9067733
         661     9073671
         662     9084939
         663     9066570
         664     9054371
         665     9078580
         666     9075552
         667     9066498
         668     9058817
         669     9082929
         670     9010489
         671     9131790
         672     9063196
         673     9067909
         674     9074610
         675     9073308
         676     9114450
         677     9072425
         678     9059463
         679     9104326
         680     9070499
         681     9055084
         682     9108266
         683     9058995
         684     9083873
         685     9046374
         686     9104941
         687     9106153
         688     9077160
         689     9040230
         690     9104990
         691     9104311
         692     9045794
         693     9081205
         694     9075600
         695     9080174
         696     9091356
         697     9083920
         698     9089353
         699     9076403
         700     9104424
         701     9077207
         702     9057751
         703     9084667
         704     9066717
         705     9072726
         706     9083647
         707     9103509
         708     9094106
         709     9060584
         710     9070894
         711     9086391
         712     9052780
         713     9094418
         714     9090524
         715     9075810
         716     9080180
         717     9063813
         718     9096010
         719     9096965
         720     9094715
         721     9066356
         722     9054924
         723     9076234
         724     9117015
         725     9089558
         726     9086940
         727     9070940
         728     9061029
         729     9074915
         730     9030924
         731     9072710
         732     9080990
         733     9081911
         734     9080307
         735     9077559
         736     9092399
         737     9043715
         738     9093213
         739     9073800
         740     9072964
         741     9093634
         742     9072000
         743     9032032
         744     9077693
         745     9103813
         746     9075467
         747     9043100
         748     9086173
         749     9064928
         750     9083285
         751     9093860
         752     9095349
         753     9060405
         754     9087421
         755     9038809
         756     9087213
         757     9113864
         758     9088228
         759     9066590
         760     9088503
         761     9054069
         762     9062162
         763     9092187
         764     9031098
         765     9098661
         766     9082020
         767     9080269
         768     9069343
         769     9085133
         770     9067507
         771     9085852
         772     9083014
         773     9079292
         774     9081436
         775     9075698
         776     9089066
         777     9092323
         778     9071422
         779     9118158
         780     9063990
         781     9083327
         782     9076808
         783     9035207
         784     9080999
         785     9096001
         786     9085024
         787     9051738
         788     9090127
         789     9092400
         790     9059866
         791     9065963
         792     9087283
         793     9074292
         794     9074590
         795     9057241
         796     9070966
         797     9083488
         798     9049897
         799     9094883
         800     9100593
         801     9087405
         802     9066703
         803     9101740
         804     9076680
         805     9083840
         806     9104876
         807     9087570
         808     9067270
         809     9066434
         810     9040640
         811     9093202
         812     9061975
         813     9096751
         814     9060019
         815     9073950
         816     9099318
         817     9058205
         818     9027444
         819     9103731
         820     9099155
         821     9077670
         822     9088194
         823     9076904
         824     9053902
         825     9071015
         826     9086944
         827     9100959
         828     9041231
         829     9105064
         830     9081733
         831     9101799
         832     9056946
         833     9111268
         834     9060022
         835     9096247
         836     9079254
         837     9102486
         838     9057020
         839     9085199
         840     9095149
         841     9077811
         842     9102201
         843     9069316
         844     9100028
         845     9071566
         846     9083328
         847     9026893
         848     9023092
         849     9044448
         850     9065920
         851     9041821
         852     9089658
         853     9069376
         854     9072072
         855     9100535
         856     9064372
         857     9086104
         858     9086844
         859     9103762
         860     9055836
         861     9073294
         862     9085906
         863     9088239
         864     9082099
         865     9075966
         866     9094944
         867     9098077
         868     9073772
         869     9054684
         870     9074601
         871     9067210
         872     9116089
         873     9018731
         874     9092404
         875     9056837
         876     9073025
         877     9086047
         878     9115324
         879     9072691
         880     9061849
         881     9068740
         882     9066906
         883     9095536
         884     9095306
         885     9070620
         886     9044975
         887     9076875
         888     9100095
         889     9084785
         890     9036751
         891     9061788
         892     9054503
         893     9086470
         894     9089652
         895     9062196
         896     9048439
         897     9072126
         898     9096035
         899     9087481
         900     9072680
         901     9080438
         902     9058911
         903     9080359
         904     9079418
         905     9093214
         906     9065243
         907     9088134
         908     9071876
         909     9103048
         910     9055041
         911     9090464
         912     9066901
         913     9114039
         914     9065668
         915     9086010
         916     9122561
         917     9030646
         918     9068532
         919     9106480
         920     9062320
         921     9066019
         922     9077443
         923     9036820
         924     9092863
         925     9053577
         926     9076336
         927     9095620
         928     9099079
         929     9097674
         930     9094266
         931     9072308
         932     9059262
         933     9078171
         934     9066829
         935     9083779
         936     9089750
         937     9081095
         938     9093814
         939     9101738
         940     9111296
         941     9061488
         942     9083962
         943     9094854
         944     9096170
         945     9063223
         946     9077726
         947     9066243
         948     9048114
         949     9119059
         950     9056717
         951     9115839
         952     9081887
         953     9069874
         954     9090980
         955     9053601
         956     9091227
         957     9083106
         958     9063479
         959     9073152
         960     9082351
         961     9101536
         962     9059325
         963     9061269
         964     9092692
         965     9014743
         966     9111935
         967     9082280
         968     9093322
         969     9100070
         970     9099839
         971     9090780
         972     9092510
         973     9096882
         974     9076536
         975     9075233
         976     9042101
         977     9082386
         978     9091195
         979     9079579
         980     9094370
         981     9090877
         982     9091370
         983     9090132
         984     9076399
         985     9097130
         986     9041866
         987     9057890
         988     9070346
         989     9070695
