         IDX L1D-REFILLS
           0       13692
           1       13692
           2       13692
           3       13692
           4       13692
           5       13692
           6       13692
           7       13692
           8       13692
           9       13692
          10       13692
          11       13692
          12       13692
          13       13692
          14       13692
          15       13692
          16       13692
          17       13692
          18       13692
          19       13692
          20       13692
          21       13692
          22       13692
          23       13692
          24       13692
          25       13692
          26       13692
          27       13692
          28       13692
          29       13692
          30       13692
          31       13692
          32       13692
          33       13692
          34       13692
          35       13692
          36       13692
          37       13692
          38       13692
          39       13692
          40       13692
          41       13692
          42       13692
          43       13692
          44       13692
          45       13692
          46       13692
          47       13692
          48       13692
          49       13692
          50       13692
          51       13692
          52       13692
          53       13692
          54       13692
          55       13692
          56       13692
          57       13692
          58       13692
          59       13692
          60       13692
          61       13692
          62       13692
          63       13692
          64       13692
          65       13692
          66       13692
          67       13692
          68       13692
          69       13692
          70       13692
          71       13692
          72       13692
          73       13692
          74       13692
          75       13692
          76       13692
          77       13692
          78       13692
          79       13692
          80       13692
          81       13692
          82       13692
          83       13692
          84       13692
          85       13692
          86       13692
          87       13692
          88       13692
          89       13692
          90       13692
          91       13692
          92       13692
          93       13692
          94       13692
          95       13692
          96       13692
          97       13692
          98       13692
          99       13692
         100       13692
         101       13692
         102       13692
         103       13692
         104       13692
         105       13692
         106       13692
         107       13692
         108       13692
         109       13692
         110       13692
         111       13692
         112       13692
         113       13692
         114       13692
         115       13692
         116       13692
         117       13692
         118       13692
         119       13692
         120       13692
         121       13692
         122       13692
         123       13692
         124       13692
         125       13692
         126       13692
         127       13692
         128       13692
         129       13692
         130       13692
         131       13692
         132       13692
         133       13692
         134       13692
         135       13692
         136       13692
         137       13692
         138       13692
         139       13692
         140       13692
         141       13692
         142       13692
         143       13692
         144       13692
         145       13692
         146       13692
         147       13692
         148       13692
         149       13692
         150       13692
         151       13692
         152       13692
         153       13692
         154       13692
         155       13692
         156       13692
         157       13692
         158       13692
         159       13692
         160       13692
         161       13692
         162       13692
         163       13692
         164       13692
         165       13692
         166       13692
         167       13692
         168       13692
         169       13692
         170       13692
         171       13692
         172       13692
         173       13692
         174       13692
         175       13692
         176       13692
         177       13692
         178       13692
         179       13692
         180       13692
         181       13692
         182       13692
         183       13692
         184       13692
         185       13692
         186       13692
         187       13692
         188       13692
         189       13692
         190       13692
         191       13692
         192       13692
         193       13692
         194       13692
         195       13692
         196       13692
         197       13692
         198       13692
         199       13692
         200       13692
         201       13692
         202       13692
         203       13692
         204       13692
         205       13692
         206       13692
         207       13692
         208       13692
         209       13692
         210       13692
         211       13692
         212       13692
         213       13692
         214       13692
         215       13692
         216       13692
         217       13692
         218       13692
         219       13692
         220       13692
         221       13692
         222       13692
         223       13692
         224       13692
         225       13692
         226       13692
         227       13692
         228       13692
         229       13692
         230       13692
         231       13692
         232       13692
         233       13692
         234       13692
         235       13692
         236       13692
         237       13692
         238       13692
         239       13692
         240       13692
         241       13692
         242       13692
         243       13692
         244       13692
         245       13692
         246       13692
         247       13692
         248       13692
         249       13692
         250       13692
         251       13692
         252       13692
         253       13692
         254       13692
         255       13692
         256       13692
         257       13692
         258       13692
         259       13692
         260       13692
         261       13692
         262       13692
         263       13692
         264       13692
         265       13692
         266       13692
         267       13692
         268       13692
         269       13692
         270       13692
         271       13692
         272       13692
         273       13692
         274       13692
         275       13692
         276       13692
         277       13692
         278       13692
         279       13692
         280       13692
         281       13692
         282       13692
         283       13692
         284       13692
         285       13692
         286       13692
         287       13692
         288       13692
         289       13692
         290       13692
         291       13692
         292       13692
         293       13692
         294       13692
         295       13692
         296       13692
         297       13692
         298       13692
         299       13692
         300       13692
         301       13692
         302       13692
         303       13692
         304       13692
         305       13692
         306       13692
         307       13692
         308       13692
         309       13692
         310       13692
         311       13692
         312       13692
         313       13692
         314       13692
         315       13692
         316       13692
         317       13692
         318       13692
         319       13692
         320       13692
         321       13692
         322       13692
         323       13692
         324       13692
         325       13692
         326       13692
         327       13692
         328       13692
         329       13692
         330       13692
         331       13692
         332       13692
         333       13692
         334       13692
         335       13692
         336       13692
         337       13692
         338       13692
         339       13692
         340       13692
         341       13692
         342       13692
         343       13692
         344       13692
         345       13692
         346       13692
         347       13692
         348       13692
         349       13692
         350       13692
         351       13692
         352       13692
         353       13692
         354       13692
         355       13692
         356       13692
         357       13692
         358       13692
         359       13692
         360       13692
         361       13692
         362       13692
         363       13692
         364       13692
         365       13692
         366       13692
         367       13692
         368       13692
         369       13692
         370       13692
         371       13692
         372       13692
         373       13692
         374       13692
         375       13692
         376       13692
         377       13692
         378       13692
         379       13692
         380       13692
         381       13692
         382       13692
         383       13692
         384       13692
         385       13692
         386       13692
         387       13692
         388       13692
         389       13692
         390       13692
         391       13692
         392       13692
         393       13692
         394       13692
         395       13692
         396       13692
         397       13692
         398       13692
         399       13692
         400       13692
         401       13692
         402       13692
         403       13692
         404       13692
         405       13692
         406       13692
         407       13692
         408       13692
         409       13692
         410       13692
         411       13692
         412       13692
         413       13692
         414       13692
         415       13692
         416       13692
         417       13692
         418       13692
         419       13692
         420       13692
         421       13692
         422       13692
         423       13692
         424       13692
         425       13692
         426       13692
         427       13692
         428       13692
         429       13692
         430       13692
         431       13692
         432       13692
         433       13692
         434       13692
         435       13692
         436       13692
         437       13692
         438       13692
         439       13692
         440       13692
         441       13692
         442       13692
         443       13692
         444       13692
         445       13692
         446       13692
         447       13692
         448       13692
         449       13692
         450       13692
         451       13692
         452       13692
         453       13692
         454       13692
         455       13692
         456       13692
         457       13692
         458       13692
         459       13692
         460       13692
         461       13692
         462       13692
         463       13692
         464       13692
         465       13692
         466       13692
         467       13692
         468       13692
         469       13692
         470       13692
         471       13692
         472       13692
         473       13692
         474       13692
         475       13692
         476       13692
         477       13692
         478       13692
         479       13692
         480       13692
         481       13692
         482       13692
         483       13692
         484       13692
         485       13692
         486       13692
         487       13692
         488       13692
         489       13692
         490       13692
         491       13692
         492       13692
         493       13692
         494       13692
         495       13692
         496       13692
         497       13692
         498       13692
         499       13692
         500       13692
         501       13692
         502       13692
         503       13692
         504       13692
         505       13692
         506       13692
         507       13692
         508       13692
         509       13692
         510       13692
         511       13692
         512       13692
         513       13692
         514       13692
         515       13692
         516       13692
         517       13692
         518       13692
         519       13692
         520       13692
         521       13692
         522       13692
         523       13692
         524       13692
         525       13692
         526       13692
         527       13692
         528       13692
         529       13692
         530       13692
         531       13692
         532       13692
         533       13692
         534       13692
         535       13692
         536       13692
         537       13692
         538       13692
         539       13692
         540       13692
         541       13692
         542       13692
         543       13692
         544       13692
         545       13692
         546       13692
         547       13692
         548       13692
         549       13692
         550       13692
         551       13692
         552       13692
         553       13692
         554       13692
         555       13692
         556       13692
         557       13692
         558       13692
         559       13692
         560       13692
         561       13692
         562       13692
         563       13692
         564       13692
         565       13692
         566       13692
         567       13692
         568       13692
         569       13692
         570       13692
         571       13692
         572       13692
         573       13692
         574       13692
         575       13692
         576       13692
         577       13692
         578       13692
         579       13692
         580       13692
         581       13692
         582       13692
         583       13692
         584       13692
         585       13692
         586       13692
         587       13692
         588       13692
         589       13692
         590       13692
         591       13692
         592       13692
         593       13692
         594       13692
         595       13692
         596       13692
         597       13692
         598       13692
         599       13692
         600       13692
         601       13692
         602       13692
         603       13692
         604       13692
         605       13692
         606       13692
         607       13692
         608       13692
         609       13692
         610       13692
         611       13692
         612       13692
         613       13692
         614       13692
         615       13692
         616       13692
         617       13692
         618       13692
         619       13692
         620       13692
         621       13692
         622       13692
         623       13692
         624       13692
         625       13692
         626       13692
         627       13692
         628       13692
         629       13692
         630       13692
         631       13692
         632       13692
         633       13692
         634       13692
         635       13692
         636       13692
         637       13692
         638       13692
         639       13692
         640       13692
         641       13692
         642       13692
         643       13692
         644       13692
         645       13692
         646       13692
         647       13692
         648       13692
         649       13692
         650       13692
         651       13692
         652       13692
         653       13692
         654       13692
         655       13692
         656       13692
         657       13692
         658       13692
         659       13692
         660       13692
         661       13692
         662       13692
         663       13692
         664       13692
         665       13692
         666       13692
         667       13692
         668       13692
         669       13692
         670       13692
         671       13692
         672       13692
         673       13692
         674       13692
         675       13692
         676       13692
         677       13692
         678       13692
         679       13692
         680       13692
         681       13692
         682       13692
         683       13692
         684       13692
         685       13692
         686       13692
         687       13692
         688       13692
         689       13692
         690       13692
         691       13692
         692       13692
         693       13692
         694       13692
         695       13692
         696       13692
         697       13692
         698       13692
         699       13692
         700       13692
         701       13692
         702       13692
         703       13692
         704       13692
         705       13692
         706       13692
         707       13692
         708       13692
         709       13692
         710       13692
         711       13692
         712       13692
         713       13692
         714       13692
         715       13692
         716       13692
         717       13692
         718       13692
         719       13692
         720       13692
         721       13692
         722       13692
         723       13692
         724       13692
         725       13692
         726       13692
         727       13692
         728       13692
         729       13692
         730       13692
         731       13692
         732       13692
         733       13692
         734       13692
         735       13692
         736       13692
         737       13692
         738       13692
         739       13692
         740       13692
         741       13692
         742       13692
         743       13692
         744       13692
         745       13692
         746       13692
         747       13692
         748       13692
         749       13692
         750       13692
         751       13692
         752       13692
         753       13692
         754       13692
         755       13692
         756       13692
         757       13692
         758       13692
         759       13692
         760       13692
         761       13692
         762       13692
         763       13692
         764       13692
         765       13692
         766       13692
         767       13692
         768       13692
         769       13692
         770       13692
         771       13692
         772       13692
         773       13692
         774       13692
         775       13692
         776       13692
         777       13692
         778       13692
         779       13692
         780       13692
         781       13692
         782       13692
         783       13692
         784       13692
         785       13692
         786       13692
         787       13692
         788       13692
         789       13692
         790       13692
         791       13692
         792       13692
         793       13692
         794       13692
         795       13692
         796       13692
         797       13692
         798       13692
         799       13692
         800       13692
         801       13692
         802       13692
         803       13692
         804       13692
         805       13692
         806       13692
         807       13692
         808       13692
         809       13692
         810       13692
         811       13692
         812       13692
         813       13692
         814       13692
         815       13692
         816       13692
         817       13692
         818       13692
         819       13692
         820       13692
         821       13692
         822       13692
         823       13692
         824       13692
         825       13692
         826       13692
         827       13692
         828       13692
         829       13692
         830       13692
         831       13692
         832       13692
         833       13692
         834       13692
         835       13692
         836       13692
         837       13692
         838       13692
         839       13692
         840       13692
         841       13692
         842       13692
         843       13692
         844       13692
         845       13692
         846       13692
         847       13692
         848       13692
         849       13692
         850       13692
         851       13692
         852       13692
         853       13692
         854       13692
         855       13692
         856       13692
         857       13692
         858       13692
         859       13692
         860       13692
         861       13692
         862       13692
         863       13692
         864       13692
         865       13692
         866       13692
         867       13692
         868       13692
         869       13692
         870       13692
         871       13692
         872       13692
         873       13692
         874       13692
         875       13692
         876       13692
         877       13692
         878       13692
         879       13692
         880       13692
         881       13692
         882       13692
         883       13692
         884       13692
         885       13692
         886       13692
         887       13692
         888       13692
         889       13692
         890       13692
         891       13692
         892       13692
         893       13692
         894       13692
         895       13692
         896       13692
         897       13692
         898       13692
         899       13692
         900       13692
         901       13692
         902       13692
         903       13692
         904       13692
         905       13692
         906       13692
         907       13692
         908       13692
         909       13692
         910       13692
         911       13692
         912       13692
         913       13692
         914       13692
         915       13692
         916       13692
         917       13692
         918       13692
         919       13692
         920       13692
         921       13692
         922       13692
         923       13692
         924       13692
         925       13692
         926       13692
         927       13692
         928       13692
         929       13692
         930       13692
         931       13692
         932       13692
         933       13692
         934       13692
         935       13692
         936       13692
         937       13692
         938       13692
         939       13692
         940       13692
         941       13692
         942       13692
         943       13692
         944       13692
         945       13692
         946       13692
         947       13692
         948       13692
         949       13692
         950       13692
         951       13692
         952       13692
         953       13692
         954       13692
         955       13692
         956       13692
         957       13692
         958       13692
         959       13692
         960       13692
         961       13692
         962       13692
         963       13692
         964       13692
         965       13692
         966       13692
         967       13692
         968       13692
         969       13692
         970       13692
         971       13692
         972       13692
         973       13692
         974       13692
         975       13692
         976       13692
         977       13692
         978       13692
         979       13692
         980       13692
         981       13692
         982       13692
         983       13692
         984       13692
         985       13692
         986       13692
         987       13692
         988       13692
         989       13692
