         IDX      CYCLES
           0       54166
           1       54167
           2       54166
           3       54167
           4       54166
           5       54166
           6       54167
           7       54167
           8       54167
           9       54166
          10       54167
          11       54167
          12       54166
          13       54166
          14       54166
          15       54167
          16       54167
          17       54166
          18       54166
          19       54166
          20       54167
          21       54166
          22       54166
          23       54167
          24       54166
          25       54166
          26       54167
          27       54166
          28       54166
          29       54167
          30       54167
          31       54167
          32       54166
          33       54166
          34       54166
          35       54166
          36       54167
          37       54166
          38       54167
          39       54166
          40       54166
          41       54166
          42       54166
          43       54166
          44       54166
          45       54167
          46       54166
          47       54167
          48       54167
          49       54166
          50       54166
          51       54167
          52       54166
          53       54166
          54       54167
          55       54167
          56       54166
          57       54166
          58       54166
          59       54166
          60       54166
          61       54166
          62       54166
          63       54167
          64       54166
          65       54167
          66       54167
          67       54167
          68       54166
          69       54166
          70       54166
          71       54166
          72       54167
          73       54167
          74       54166
          75       54166
          76       54166
          77       54167
          78       54166
          79       54166
          80       54166
          81       54166
          82       54167
          83       54167
          84       54166
          85       54166
          86       54166
          87       54166
          88       54166
          89       54166
          90       54166
          91       54166
          92       54167
          93       54166
          94       54166
          95       54167
          96       54166
          97       54166
          98       54166
          99       54167
         100       54166
         101       54166
         102       54167
         103       54166
         104       54166
         105       54166
         106       54166
         107       54167
         108       54166
         109       54167
         110       54166
         111       54166
         112       54166
         113       54166
         114       54166
         115       54166
         116       54166
         117       54167
         118       54166
         119       54167
         120       54166
         121       54166
         122       54167
         123       54167
         124       54166
         125       54167
         126       54166
         127       54167
         128       54167
         129       54166
         130       54166
         131       54166
         132       54166
         133       54166
         134       54166
         135       54166
         136       54167
         137       54167
         138       54166
         139       54166
         140       54166
         141       54166
         142       54166
         143       54166
         144       54167
         145       54166
         146       54167
         147       54166
         148       54166
         149       54166
         150       54166
         151       54167
         152       54166
         153       54167
         154       54166
         155       54166
         156       54167
         157       54166
         158       54167
         159       54166
         160       54166
         161       54166
         162       54166
         163       54167
         164       54166
         165       54166
         166       54167
         167       54167
         168       54167
         169       54166
         170       54166
         171       54167
         172       54166
         173       54166
         174       54166
         175       54166
         176       54166
         177       54166
         178       54167
         179       54166
         180       54167
         181       54166
         182       54166
         183       54166
         184       54166
         185       54166
         186       54166
         187       54166
         188       54166
         189       54167
         190       54166
         191       54166
         192       54167
         193       54167
         194       54166
         195       54167
         196       54166
         197       54167
         198       54166
         199       54166
         200       54166
         201       54166
         202       54166
         203       54167
         204       54166
         205       54167
         206       54166
         207       54166
         208       54166
         209       54166
         210       54166
         211       54166
         212       54166
         213       54166
         214       54166
         215       54166
         216       54166
         217       54166
         218       54166
         219       54166
         220       54166
         221       54166
         222       54166
         223       54166
         224       54166
         225       54167
         226       54166
         227       54167
         228       54166
         229       54166
         230       54166
         231       54166
         232       54166
         233       54166
         234       54166
         235       54167
         236       54166
         237       54166
         238       54167
         239       54167
         240       54167
         241       54166
         242       54167
         243       54166
         244       54166
         245       54167
         246       54166
         247       54166
         248       54167
         249       54166
         250       54166
         251       54167
         252       54166
         253       54166
         254       54166
         255       54166
         256       54166
         257       54166
         258       54166
         259       54166
         260       54166
         261       54166
         262       54167
         263       54167
         264       54167
         265       54166
         266       54166
         267       54166
         268       54166
         269       54166
         270       54167
         271       54166
         272       54166
         273       54166
         274       54166
         275       54167
         276       54166
         277       54166
         278       54167
         279       54167
         280       54166
         281       54166
         282       54167
         283       54166
         284       54167
         285       54166
         286       54166
         287       54167
         288       54166
         289       54166
         290       54167
         291       54166
         292       54166
         293       54166
         294       54167
         295       54166
         296       54166
         297       54166
         298       54167
         299       54166
         300       54167
         301       54166
         302       54166
         303       54166
         304       54167
         305       54166
         306       54166
         307       54167
         308       54166
         309       54166
         310       54167
         311       54166
         312       54166
         313       54166
         314       54167
         315       54166
         316       54166
         317       54166
         318       54166
         319       54166
         320       54166
         321       54166
         322       54167
         323       54166
         324       54166
         325       54166
         326       54167
         327       54166
         328       54166
         329       54166
         330       54166
         331       54166
         332       54167
         333       54166
         334       54166
         335       54166
         336       54167
         337       54166
         338       54167
         339       54166
         340       54166
         341       54166
         342       54167
         343       54166
         344       54166
         345       54166
         346       54166
         347       54166
         348       54167
         349       54166
         350       54167
         351       54166
         352       54166
         353       54166
         354       54167
         355       54166
         356       54166
         357       54167
         358       54166
         359       54167
         360       54167
         361       54166
         362       54166
         363       54166
         364       54166
         365       54166
         366       54166
         367       54167
         368       54166
         369       54166
         370       54166
         371       54166
         372       54166
         373       54166
         374       54166
         375       54166
         376       54166
         377       54166
         378       54167
         379       54167
         380       54167
         381       54166
         382       54167
         383       54167
         384       54166
         385       54166
         386       54166
         387       54166
         388       54166
         389       54166
         390       54167
         391       54167
         392       54166
         393       54167
         394       54166
         395       54167
         396       54166
         397       54166
         398       54167
         399       54166
         400       54166
         401       54167
         402       54166
         403       54167
         404       54166
         405       54166
         406       54167
         407       54166
         408       54166
         409       54167
         410       54166
         411       54166
         412       54166
         413       54166
         414       54166
         415       54166
         416       54166
         417       54167
         418       54167
         419       54167
         420       54166
         421       54167
         422       54166
         423       54166
         424       54166
         425       54167
         426       54167
         427       54167
         428       54166
         429       54167
         430       54166
         431       54167
         432       54166
         433       54166
         434       54167
         435       54166
         436       54166
         437       54167
         438       54167
         439       54167
         440       54167
         441       54166
         442       54167
         443       54167
         444       54166
         445       54167
         446       54167
         447       54166
         448       54166
         449       54166
         450       54167
         451       54166
         452       54167
         453       54166
         454       54167
         455       54166
         456       54167
         457       54166
         458       54167
         459       54166
         460       54167
         461       54166
         462       54167
         463       54166
         464       54166
         465       54166
         466       54166
         467       54166
         468       54166
         469       54166
         470       54167
         471       54166
         472       54166
         473       54166
         474       54166
         475       54166
         476       54166
         477       54166
         478       54166
         479       54166
         480       54166
         481       54166
         482       54166
         483       54166
         484       54167
         485       54166
         486       54166
         487       54166
         488       54167
         489       54166
         490       54167
         491       54166
         492       54166
         493       54166
         494       54167
         495       54166
         496       54166
         497       54167
         498       54166
         499       54166
         500       54167
         501       54166
         502       54167
         503       54166
         504       54166
         505       54166
         506       54166
         507       54166
         508       54166
         509       54167
         510       54167
         511       54166
         512       54166
         513       54166
         514       54166
         515       54166
         516       54167
         517       54167
         518       54166
         519       54166
         520       54167
         521       54166
         522       54167
         523       54166
         524       54166
         525       54166
         526       54166
         527       54166
         528       54167
         529       54166
         530       54166
         531       54166
         532       54166
         533       54166
         534       54167
         535       54166
         536       54167
         537       54166
         538       54167
         539       54166
         540       54166
         541       54167
         542       54166
         543       54166
         544       54166
         545       54167
         546       54166
         547       54166
         548       54166
         549       54167
         550       54166
         551       54166
         552       54167
         553       54166
         554       54167
         555       54167
         556       54166
         557       54167
         558       54166
         559       54166
         560       54166
         561       54167
         562       54166
         563       54167
         564       54167
         565       54166
         566       54166
         567       54167
         568       54166
         569       54167
         570       54166
         571       54166
         572       54166
         573       54166
         574       54166
         575       54166
         576       54166
         577       54167
         578       54166
         579       54166
         580       54167
         581       54166
         582       54166
         583       54166
         584       54167
         585       54166
         586       54166
         587       54166
         588       54166
         589       54166
         590       54167
         591       54166
         592       54166
         593       54167
         594       54167
         595       54166
         596       54167
         597       54166
         598       54167
         599       54166
         600       54166
         601       54167
         602       54166
         603       54166
         604       54167
         605       54166
         606       54167
         607       54166
         608       54167
         609       54167
         610       54166
         611       54166
         612       54167
         613       54167
         614       54167
         615       54166
         616       54166
         617       54167
         618       54166
         619       54166
         620       54166
         621       54166
         622       54166
         623       54167
         624       54166
         625       54167
         626       54167
         627       54166
         628       54167
         629       54167
         630       54167
         631       54166
         632       54167
         633       54166
         634       54167
         635       54167
         636       54166
         637       54166
         638       54167
         639       54167
         640       54166
         641       54166
         642       54166
         643       54166
         644       54167
         645       54166
         646       54166
         647       54166
         648       54167
         649       54166
         650       54167
         651       54166
         652       54166
         653       54166
         654       54166
         655       54166
         656       54166
         657       54167
         658       54167
         659       54166
         660       54166
         661       54167
         662       54166
         663       54166
         664       54166
         665       54167
         666       54166
         667       54166
         668       54167
         669       54166
         670       54166
         671       54166
         672       54166
         673       54167
         674       54166
         675       54166
         676       54167
         677       54166
         678       54167
         679       54166
         680       54166
         681       54166
         682       54166
         683       54166
         684       54166
         685       54166
         686       54167
         687       54166
         688       54166
         689       54167
         690       54166
         691       54167
         692       54166
         693       54167
         694       54166
         695       54167
         696       54166
         697       54166
         698       54166
         699       54166
         700       54167
         701       54166
         702       54167
         703       54166
         704       54166
         705       54166
         706       54167
         707       54166
         708       54166
         709       54166
         710       54167
         711       54166
         712       54167
         713       54166
         714       54167
         715       54166
         716       54166
         717       54166
         718       54167
         719       54166
         720       54166
         721       54167
         722       54166
         723       54166
         724       54166
         725       54166
         726       54167
         727       54166
         728       54166
         729       54166
         730       54167
         731       54166
         732       54167
         733       54166
         734       54166
         735       54167
         736       54166
         737       54166
         738       54167
         739       54166
         740       54166
         741       54167
         742       54166
         743       54166
         744       54166
         745       54167
         746       54166
         747       54167
         748       54166
         749       54166
         750       54167
         751       54166
         752       54167
         753       54166
         754       54166
         755       54166
         756       54167
         757       54166
         758       54167
         759       54166
         760       54166
         761       54166
         762       54166
         763       54167
         764       54167
         765       54167
         766       54166
         767       54167
         768       54166
         769       54166
         770       54166
         771       54166
         772       54167
         773       54166
         774       54166
         775       54167
         776       54167
         777       54166
         778       54166
         779       54166
         780       54167
         781       54166
         782       54166
         783       54166
         784       54166
         785       54167
         786       54166
         787       54167
         788       54166
         789       54166
         790       54167
         791       54166
         792       54167
         793       54166
         794       54166
         795       54167
         796       54166
         797       54167
         798       54166
         799       54166
         800       54166
         801       54167
         802       54166
         803       54167
         804       54166
         805       54167
         806       54166
         807       54166
         808       54166
         809       54166
         810       54166
         811       54166
         812       54166
         813       54167
         814       54166
         815       54167
         816       54166
         817       54167
         818       54166
         819       54166
         820       54167
         821       54167
         822       54166
         823       54166
         824       54166
         825       54167
         826       54166
         827       54166
         828       54166
         829       54166
         830       54166
         831       54166
         832       54166
         833       54166
         834       54166
         835       54166
         836       54166
         837       54166
         838       54167
         839       54166
         840       54167
         841       54166
         842       54166
         843       54167
         844       54166
         845       54167
         846       54166
         847       54166
         848       54166
         849       54166
         850       54166
         851       54167
         852       54166
         853       54167
         854       54166
         855       54166
         856       54166
         857       54167
         858       54166
         859       54167
         860       54166
         861       54166
         862       54167
         863       54166
         864       54166
         865       54166
         866       54166
         867       54166
         868       54167
         869       54167
         870       54166
         871       54166
         872       54167
         873       54167
         874       54166
         875       54166
         876       54166
         877       54167
         878       54167
         879       54166
         880       54167
         881       54167
         882       54166
         883       54166
         884       54166
         885       54166
         886       54166
         887       54166
         888       54166
         889       54166
         890       54167
         891       54166
         892       54166
         893       54167
         894       54166
         895       54166
         896       54166
         897       54166
         898       54167
         899       54166
         900       54167
         901       54167
         902       54166
         903       54166
         904       54166
         905       54167
         906       54166
         907       54167
         908       54166
         909       54167
         910       54167
         911       54166
         912       54166
         913       54166
         914       54166
         915       54166
         916       54166
         917       54166
         918       54166
         919       54166
         920       54166
         921       54166
         922       54166
         923       54166
         924       54167
         925       54167
         926       54166
         927       54166
         928       54166
         929       54166
         930       54166
         931       54167
         932       54167
         933       54166
         934       54166
         935       54166
         936       54166
         937       54166
         938       54167
         939       54166
         940       54167
         941       54167
         942       54167
         943       54166
         944       54166
         945       54166
         946       54166
         947       54167
         948       54166
         949       54167
         950       54166
         951       54167
         952       54167
         953       54166
         954       54167
         955       54167
         956       54167
         957       54167
         958       54166
         959       54166
         960       54166
         961       54166
         962       54167
         963       54166
         964       54166
         965       54166
         966       54167
         967       54166
         968       54166
         969       54166
         970       54166
         971       54167
         972       54166
         973       54167
         974       54166
         975       54166
         976       54167
         977       54166
         978       54167
         979       54166
         980       54166
         981       54166
         982       54166
         983       54166
         984       54167
         985       54166
         986       54166
         987       54166
         988       54167
         989       54166
