        NAME      MEDIAN         MIN         MAX
    METRIC_0       10649       10335       10915
    METRIC_1       10540       10027       10926
    METRIC_2       10429       10067       10862
    METRIC_3       10167       10011       10929
    METRIC_4       10373       10198       10919
    METRIC_5       10862       10091       10996
    METRIC_6       10505       10084       10925
    METRIC_7       10545       10043       10895
    METRIC_8       10584       10087       10808
    METRIC_9       10539       10012       10932
   METRIC_10       10492       10097       10902
   METRIC_11       10619       10280       10865
   METRIC_12       10675       10031       10927
   METRIC_13       10586       10219       10965
   METRIC_14       10708       10019       10871
   METRIC_15       10618       10149       10921
   METRIC_16       10488       10034       10841
   METRIC_17       10856       10124       10987
   METRIC_18       10432       10121       10858
   METRIC_19       10428       10011       10928
