         IDX      Cycles      Cycles      Cycles      Cycles      Cycles      Cycles      Cycles      Cycles      Cycles      Cycles      Cycles      Cycles      Cycles      Cycles      Cycles      Cycles      Cycles      Cycles      Cycles      Cycles
           0       10383       10362       10211       10929       10229       10413       10305       10124       10087       10932       10795       10652       10440       10567       10528       10340       10379       10124       10432       10029
           1       10886       10027       10368       10802       10373       10526       10925       10895       10808       10060       10570       10756       10729       10856       10871       10149       10488       10914       10551       10237
           2       10777       10690       10567       10022       10421       10091       10084       10582       10276       10676       10434       10301       10031       10497       10732       10796       10764       10987       10437       10235
           3       10915       10059       10429       10058       10919       10980       10327       10545       10178       10368       10378       10280       10117       10353       10829       10723       10228       10856       10228       10793
           4       10793       10763       10782       10069       10784       10956       10336       10814       10788       10739       10467       10286       10097       10586       10503       10618       10841       10743       10275       10818
           5       10335       10926       10530       10167       10537       10873       10505       10367       10584       10012       10601       10441       10771       10965       10019       10245       10350       10491       10407       10428
           6       10386       10540       10862       10393       10198       10862       10846       10434       10403       10226       10097       10865       10481       10306       10270       10846       10193       10227       10474       10143
           7       10492       10426       10123       10456       10324       10170       10729       10364       10651       10586       10902       10689       10675       10683       10368       10451       10500       10365       10121       10011
           8       10649       10172       10067       10011       10315       10996       10313       10043       10754       10094       10317       10444       10709       10219       10708       10921       10034       10859       10858       10928
           9       10421       10736       10135       10042       10370       10281       10857       10750       10399       10539       10492       10619       10927       10624       10715       10555       10764       10936       10395       10529
