         IDX         DEG      PARAM0      PARAM1      PARAM2
           0    0.000000          29           9           8    0.000000    0.000000
           1    0.000000          29           9           8    0.000000    0.000000
           2    0.000000          29           9           8    0.000000    0.000000
           3    0.000000          29           9           8    0.000000    0.000000
           4    0.000000          29           9           8    0.000000    0.000000
           5    0.000000          29           9           8    0.000000    0.000000
           6   10.000000          34           1          20    1.021800    7.070880
           7   10.000000          34           1          20    1.021800    7.070880
           8   10.000000          34           1          20    1.021800    7.070880
           9   10.000000          34           1          20    1.021800    7.070880
          10   10.000000          34           1          20    1.021800    7.070880
          11   10.000000          34           1          20    1.021800    7.070880
          12   10.000000          34           1          20    1.021800    7.070880
          13   10.000000          34           1          20    1.021800    7.070880
          14   10.000000          34           1          20    1.021800    7.070880
          15   10.000000          34           1          20    1.021800    7.070880
          16   10.000000          34           1          20    1.021800    7.070880
          17   10.000000          34           1          20    1.021800    7.070880
          18   10.000000          34           1          20    1.021800    7.070880
          19   10.000000          34           1          20    1.021800    7.070880
          20   10.000000          34           1          20    1.021800    7.070880
          21   10.000000          34           1          20    1.021800    7.070880
          22   10.000000          34           1          20    1.021800    7.070880
          23   10.000000          34           1          20    1.021800    7.070880
          24   10.000000          34           1          20    1.021800    7.070880
          25   10.000000          34           1          20    1.021800    7.070880
          26   10.000000          34           1          20    1.021800    7.070880
          27    9.921445          19           0          19    1.004680    6.979932
          28    9.786645          19           0          19    1.004680    6.979932
          29    8.937468          32           0          14    1.021334    4.133006
          30    8.937468          32           0          14    1.021334    4.133006
          31    8.937468          32           0          14    1.021334    4.133006
          32    8.937468          32           0          14    1.021334    4.133006
          33    8.937468          32           0          14    1.021334    4.133006
          34    8.937468          32           0          14    1.021334    4.133006
          35    8.895743          32           0          14    1.021334    4.133006
          36    8.895743          32           0          14    1.021334    4.133006
          37    8.895743          32           0          14    1.021334    4.133006
          38    8.895743          32           0          14    1.021334    4.133006
          39    8.895743          32           0          14    1.021334    4.133006
          40    8.895743          32           0          14    1.021334    4.133006
          41    8.895743          32           0          14    1.021334    4.133006
          42    8.895743          32           0          14    1.021334    4.133006
          43    8.895743          32           0          14    1.021334    4.133006
          44    8.895743          32           0          14    1.021334    4.133006
          45    8.895743          32           0          14    1.021334    4.133006
          46    8.895743          32           0          14    1.021334    4.133006
          47    8.895743          32           0          14    1.021334    4.133006
          48    8.895743          32           0          14    1.021334    4.133006
          49    8.895743          32           0          14    1.021334    4.133006
          50    8.895743          32           0          14    1.021334    4.133006
          51    8.895743          32           0          14    1.021334    4.133006
          52    8.895743          32           0          14    1.021334    4.133006
          53    8.895743          32           0          14    1.021334    4.133006
          54    8.895743          32           0          14    1.021334    4.133006
          55    8.895743          32           0          14    1.021334    4.133006
          56    8.895743          32           0          14    1.021334    4.133006
          57    8.895743          32           0          14    1.021334    4.133006
          58    8.895743          32           0          14    1.021334    4.133006
          59    8.895743          32           0          14    1.021334    4.133006
          60    8.895743          32           0          14    1.021334    4.133006
          61    8.895743          32           0          14    1.021334    4.133006
          62    8.895743          32           0          14    1.021334    4.133006
          63    8.895743          32           0          14    1.021334    4.133006
          64    8.895743          32           0          14    1.021334    4.133006
          65    8.895743          32           0          14    1.021334    4.133006
          66    8.895743          32           0          14    1.021334    4.133006
          67    8.895743          32           0          14    1.021334    4.133006
          68    8.895743          32           0          14    1.021334    4.133006
          69    8.895743          32           0          14    1.021334    4.133006
          70    8.895743          32           0          14    1.021334    4.133006
          71    8.895743          32           0          14    1.021334    4.133006
          72    8.895743          32           0          14    1.021334    4.133006
          73    8.895743          32           0          14    1.021334    4.133006
          74    8.895743          32           0          14    1.021334    4.133006
          75    8.895743          32           0          14    1.021334    4.133006
          76    8.895743          32           0          14    1.021334    4.133006
          77    8.895743          32           0          14    1.021334    4.133006
          78    8.895743          32           0          14    1.021334    4.133006
          79    8.895743          32           0          14    1.021334    4.133006
          80    8.895743          32           0          14    1.021334    4.133006
          81    8.895743          32           0          14    1.021334    4.133006
          82    8.895743          32           0          14    1.021334    4.133006
          83    8.895743          32           0          14    1.021334    4.133006
          84    8.895743          32           0          14    1.021334    4.133006
          85    8.843354          32           0          14    1.021334    4.133006
          86    8.843354          32           0          14    1.021334    4.133006
          87    8.843354          32           0          14    1.021334    4.133006
          88    8.843354          32           0          14    1.021334    4.133006
          89    8.843354          32           0          14    1.021334    4.133006
          90    8.843354          32           0          14    1.021334    4.133006
          91    8.843354          32           0          14    1.021334    4.133006
          92    8.843354          32           0          14    1.021334    4.133006
          93    8.843354          32           0          14    1.021334    4.133006
          94    8.843354          32           0          14    1.021334    4.133006
          95    8.843354          32           0          14    1.021334    4.133006
          96    8.843354          32           0          14    1.021334    4.133006
          97    8.843354          32           0          14    1.021334    4.133006
          98    8.843354          32           0          14    1.021334    4.133006
          99    8.843354          32           0          14    1.021334    4.133006
