         IDX         DEG      PARAM0      PARAM1      PARAM2
           0    0.000000          29          17           9    0.000000    0.000000
           1    0.000000          29          17           9    0.000000    0.000000
           2    0.000000          29          17           9    0.000000    0.000000
           3    0.000000          29          17           9    0.000000    0.000000
           4    0.000000          29          17           9    0.000000    0.000000
           5    0.000000          29          17           9    0.000000    0.000000
           6    0.000000          29          17           9    0.000000    0.000000
           7    0.000000          29          17           9    0.000000    0.000000
           8    0.000000          29          17           9    0.000000    0.000000
           9    0.000000          29          17           9    0.000000    0.000000
          10    0.000000          29          17           9    0.000000    0.000000
          11    0.000000          29          17           9    0.000000    0.000000
          12    0.000000          29          17           9    0.000000    0.000000
          13   10.000000          25           1          29    0.690063    3.768574
          14   10.000000          25           1          29    0.690063    3.768574
          15   10.000000          25           1          29    0.690063    3.768574
          16   10.000000          25           1          29    0.690063    3.768574
          17   10.000000          25           1          29    0.690063    3.768574
          18   10.000000          25           1          29    0.690063    3.768574
          19   10.000000          25           1          29    0.690063    3.768574
          20   10.000000          25           1          29    0.690063    3.768574
          21   10.000000          25           1          29    0.690063    3.768574
          22   10.000000          25           1          29    0.690063    3.768574
          23   10.000000          25           1          29    0.690063    3.768574
          24   10.000000          25           1          29    0.690063    3.768574
          25   10.000000          25           1          29    0.690063    3.768574
          26   10.000000          25           1          29    0.690063    3.768574
          27   10.000000          25           1          29    0.690063    3.768574
          28   10.000000          25           1          29    0.690063    3.768574
          29   10.000000          25           1          29    0.690063    3.768574
