         IDX         DEG      PARAM0      PARAM1      PARAM2
           0    0.000000          29           5          29    0.000000    0.000000
           1    0.000000          29           5          29    0.000000    0.000000
           2    0.000000          29           5          29    0.000000    0.000000
           3    0.000000          29           5          29    0.000000    0.000000
           4    0.000000          29           5          29    0.000000    0.000000
           5    0.000000          29           5          29    0.000000    0.000000
           6    0.000000          29           5          29    0.000000    0.000000
           7   10.000000          10           0          40    1.002681    9.317250
           8    9.790414          17           0          39    1.006623    5.866781
           9    9.790414          17           0          39    1.006623    5.866781
          10    9.790414          17           0          39    1.006623    5.866781
          11    9.790414          17           0          39    1.006623    5.866781
          12    9.790414          17           0          39    1.006623    5.866781
          13    9.790414          17           0          39    1.006623    5.866781
          14    9.790414          17           0          39    1.006623    5.866781
          15    9.790414          17           0          39    1.006623    5.866781
          16    9.790414          17           0          39    1.006623    5.866781
          17    9.790414          17           0          39    1.006623    5.866781
          18    9.790414          17           0          39    1.006623    5.866781
          19    9.790414          17           0          39    1.006623    5.866781
          20    9.790414          17           0          39    1.006623    5.866781
          21    9.791095          31           0          22    1.040661    3.628096
          22    9.791095          31           0          22    1.040661    3.628096
          23    9.791095          31           0          22    1.040661    3.628096
          24    9.791095          31           0          22    1.040661    3.628096
          25    9.748951          31           0          22    1.040661    3.628096
          26    9.748951          31           0          22    1.040661    3.628096
          27    9.748951          31           0          22    1.040661    3.628096
          28    9.748951          31           0          22    1.040661    3.628096
          29    9.748951          31           0          22    1.040661    3.628096
          30    9.748951          31           0          22    1.040661    3.628096
          31    9.748951          31           0          22    1.040661    3.628096
          32    9.599369          32           0          37    1.020069    3.542485
          33    9.599369          32           0          37    1.020069    3.542485
          34    9.599369          32           0          37    1.020069    3.542485
          35    9.599369          32           0          37    1.020069    3.542485
          36    9.599369          32           0          37    1.020069    3.542485
          37    9.599369          32           0          37    1.020069    3.542485
          38    9.637660          32           0          37    1.020069    3.542485
          39    9.637660          32           0          37    1.020069    3.542485
          40    9.637660          32           0          37    1.020069    3.542485
          41    9.637660          32           0          37    1.020069    3.542485
          42    9.615425          32           0          37    1.020069    3.542485
          43    9.615425          32           0          37    1.020069    3.542485
          44    9.615425          32           0          37    1.020069    3.542485
          45    9.615425          32           0          37    1.020069    3.542485
          46    9.606713          32           0          37    1.020069    3.542485
          47    9.635008          32           0          37    1.020069    3.542485
          48    9.635008          32           0          37    1.020069    3.542485
          49    9.625491          32           0          37    1.020069    3.542485
