         IDX         DEG      PARAM0      PARAM1      PARAM2
           0    0.000000          17           6          18    0.000000    0.000000
           1    0.000000          17           6          18    0.000000    0.000000
           2    0.000000          17           6          18    0.000000    0.000000
           3    0.000000          17           6          18    0.000000    0.000000
           4    0.000000          17           6          18    0.000000    0.000000
           5    0.000000          17           6          18    0.000000    0.000000
           6   10.000000          10           0          43    1.002616    8.733348
           7   10.000000          10           0          43    1.002616    8.733348
           8   10.000000          10           0          43    1.002616    8.733348
           9   10.000000          10           0          43    1.002616    8.733348
          10   10.000000          10           0          43    1.002616    8.733348
          11   10.000000          10           0          43    1.002616    8.733348
          12   10.000000          10           0          43    1.002616    8.733348
          13   10.000000          10           0          43    1.002616    8.733348
          14   10.000000          10           0          43    1.002616    8.733348
          15   10.000000          10           0          43    1.002616    8.733348
          16   10.000000          10           0          43    1.002616    8.733348
          17    9.889134          27           1          46    1.003320    6.945559
          18    9.889134          27           1          46    1.003320    6.945559
          19    9.889134          27           1          46    1.003320    6.945559
          20    9.889134          27           1          46    1.003320    6.945559
          21    9.889134          27           1          46    1.003320    6.945559
          22    9.889134          27           1          46    1.003320    6.945559
          23    9.889134          27           1          46    1.003320    6.945559
          24    9.889134          27           1          46    1.003320    6.945559
          25    9.889134          27           1          46    1.003320    6.945559
          26    9.889134          27           1          46    1.003320    6.945559
          27    9.889134          27           1          46    1.003320    6.945559
          28    9.889134          27           1          46    1.003320    6.945559
          29    9.889134          27           1          46    1.003320    6.945559
          30    9.889134          27           1          46    1.003320    6.945559
          31    9.889134          27           1          46    1.003320    6.945559
          32    9.889134          27           1          46    1.003320    6.945559
          33    9.889134          27           1          46    1.003320    6.945559
          34    9.889134          27           1          46    1.003320    6.945559
          35    9.889134          27           1          46    1.003320    6.945559
          36    9.889134          27           1          46    1.003320    6.945559
          37    9.889134          27           1          46    1.003320    6.945559
          38    9.889134          27           1          46    1.003320    6.945559
          39    9.889134          27           1          46    1.003320    6.945559
          40    9.889134          27           1          46    1.003320    6.945559
          41    9.889134          27           1          46    1.003320    6.945559
          42    9.889134          27           1          46    1.003320    6.945559
          43    9.889134          27           1          46    1.003320    6.945559
          44    9.889134          27           1          46    1.003320    6.945559
          45    9.889134          27           1          46    1.003320    6.945559
          46    9.889134          27           1          46    1.003320    6.945559
          47    9.889134          27           1          46    1.003320    6.945559
          48    9.889134          27           1          46    1.003320    6.945559
          49    9.889134          27           1          46    1.003320    6.945559
