        NAME      MEDIAN         MIN         MAX
    METRIC_0    1.948582    1.891125    1.997255
    METRIC_1    1.928637    1.834767    1.999268
    METRIC_2    1.908326    1.842086    1.987557
    METRIC_3    1.860384    1.831839    1.999817
    METRIC_4    1.898079    1.866057    1.997987
    METRIC_5    1.987557    1.846478    2.012077
    METRIC_6    1.922232    1.845197    1.999085
    METRIC_7    1.929552    1.837694    1.993596
    METRIC_8    1.936688    1.845746    1.977676
    METRIC_9    1.928454    1.832022    2.000366
   METRIC_10    1.919854    1.847575    1.994876
   METRIC_11    1.943092    1.881061    1.988106
   METRIC_12    1.953339    1.835499    1.999451
   METRIC_13    1.937054    1.869899    2.006404
   METRIC_14    1.959378    1.833303    1.989204
   METRIC_15    1.942909    1.857091    1.998353
   METRIC_16    1.919122    1.836048    1.983715
   METRIC_17    1.986459    1.852516    2.010430
   METRIC_18    1.908875    1.851967    1.986825
   METRIC_19    1.908143    1.831839    1.999634
