         IDX  Cycles_DEG  Cycles_DEG  Cycles_DEG  Cycles_DEG  Cycles_DEG  Cycles_DEG  Cycles_DEG  Cycles_DEG  Cycles_DEG  Cycles_DEG  Cycles_DEG  Cycles_DEG  Cycles_DEG  Cycles_DEG  Cycles_DEG  Cycles_DEG  Cycles_DEG  Cycles_DEG  Cycles_DEG  Cycles_DEG
           0    1.899909    1.896066    1.868435    1.999817    1.871729    1.905398    1.885636    1.852516    1.845746    2.000366    1.975297    1.949131    1.910339    1.933577    1.926441    1.892040    1.899177    1.852516    1.908875    1.835133
           1    1.991949    1.834767    1.897164    1.976578    1.898079    1.926075    1.999085    1.993596    1.977676    1.840805    1.934126    1.968161    1.963220    1.986459    1.989204    1.857091    1.919122    1.997072    1.930650    1.873193
           2    1.972004    1.956084    1.933577    1.833852    1.906862    1.846478    1.845197    1.936322    1.880329    1.953522    1.909241    1.884904    1.835499    1.920769    1.963769    1.975480    1.969625    2.010430    1.909790    1.872827
           3    1.997255    1.840622    1.908326    1.840439    1.997987    2.009149    1.889661    1.929552    1.862397    1.897164    1.898994    1.881061    1.851235    1.894419    1.981519    1.962123    1.871546    1.986459    1.871546    1.974931
           4    1.974931    1.969442    1.972919    1.842452    1.973285    2.004758    1.891308    1.978774    1.974016    1.965050    1.915279    1.882159    1.847575    1.937054    1.921866    1.942909    1.983715    1.965782    1.880146    1.979506
           5    1.891125    1.999268    1.926807    1.860384    1.928088    1.989570    1.922232    1.896981    1.936688    1.832022    1.939799    1.910522    1.970906    2.006404    1.833303    1.874657    1.893870    1.919671    1.904300    1.908143
           6    1.900457    1.928637    1.987557    1.901738    1.866057    1.987557    1.984629    1.909241    1.903568    1.871180    1.847575    1.988106    1.917841    1.885819    1.879231    1.984629    1.865142    1.871363    1.916560    1.855993
           7    1.919854    1.907777    1.852333    1.913266    1.889113    1.860933    1.963220    1.896432    1.948948    1.937054    1.994876    1.955901    1.953339    1.954803    1.897164    1.912351    1.921317    1.896615    1.851967    1.831839
           8    1.948582    1.861299    1.842086    1.831839    1.887466    2.012077    1.887100    1.837694    1.967795    1.847027    1.887832    1.911070    1.959561    1.869899    1.959378    1.998353    1.836048    1.987008    1.986825    1.999634
           9    1.906862    1.964501    1.854529    1.837511    1.897530    1.881244    1.986642    1.967063    1.902836    1.928454    1.919854    1.943092    1.999451    1.944007    1.960659    1.931382    1.969625    2.001098    1.902104    1.926624
