         IDX      CYCLES
           0     2250987
           1     2249004
           2     2243447
           3     2194380
           4     2236613
           5     2272543
           6     2237027
           7     2257634
           8     2266633
           9     2259882
          10     2260938
          11     2246451
          12     2240830
          13     2250369
          14     2219028
          15     2243199
          16     2268667
          17     2256352
          18     2248440
          19     2236338
          20     2243826
          21     2256055
          22     2208686
          23     2252191
          24     2292216
          25     2284017
          26     2280191
          27     2270172
          28     2267367
          29     2290706
          30     2280941
          31     2303933
          32     2304626
          33     2269927
          34     2286987
          35     2292873
          36     2308143
          37     2303333
          38     2286409
          39     2260312
          40     2287071
          41     2287583
          42     2305607
          43     2292832
          44     2268036
          45     2297223
          46     2285396
          47     2290756
          48     2301014
          49     2265811
          50     2274380
          51     2291442
          52     2274812
          53     2297500
          54     2303151
          55     2266407
          56     2287502
          57     2290790
          58     2300101
          59     2292777
          60     2284957
          61     2292820
          62     2302286
          63     2286764
          64     2295231
          65     2287249
          66     2311407
          67     2289232
          68     2300104
          69     2286114
          70     2308017
          71     2291829
          72     2282582
          73     2280136
          74     2294652
          75     2300530
          76     2272620
          77     2282267
          78     2287881
          79     2277604
          80     2273996
          81     2301771
          82     2285219
          83     2270771
          84     2278639
          85     2302506
          86     2264677
          87     2282179
          88     2320436
          89     2289841
          90     2302001
          91     2303243
          92     2300881
          93     2290670
          94     2277164
          95     2282234
          96     2257573
          97     2289683
          98     2295217
          99     2298178
         100     2284073
         101     2309820
         102     2304982
         103     2287240
         104     2288155
         105     2293178
         106     2295058
         107     2310982
         108     2300047
         109     2283777
         110     2290400
         111     2318599
         112     2287559
         113     2312114
         114     2286045
         115     2290258
         116     2270240
         117     2290562
         118     2306568
         119     2310888
         120     2309817
         121     2301000
         122     2305302
         123     2306456
         124     2310211
         125     2319747
         126     2299158
         127     2294003
         128     2297492
         129     2271241
         130     2300510
         131     2292011
         132     2309591
         133     2285865
         134     2301959
         135     2311223
         136     2288368
         137     2295576
         138     2303577
         139     2265630
         140     2286818
         141     2282964
         142     2300737
         143     2281606
         144     2269098
         145     2285302
         146     2302457
         147     2278589
         148     2294394
         149     2312877
         150     2295852
         151     2317391
         152     2313026
         153     2291096
         154     2257092
         155     2319966
         156     2293811
         157     2289788
         158     2296327
         159     2298848
         160     2298162
         161     2287370
         162     2291131
         163     2299977
         164     2319079
         165     2290087
         166     2291494
         167     2296211
         168     2293917
         169     2300261
         170     2313716
         171     2292847
         172     2301956
         173     2291809
         174     2267271
         175     2304947
         176     2282222
         177     2268034
         178     2292142
         179     2261265
         180     2312083
         181     2303561
         182     2303742
         183     2302117
         184     2317817
         185     2287963
         186     2284477
         187     2309964
         188     2297116
         189     2290410
         190     2278982
         191     2298455
         192     2316321
         193     2296584
         194     2289209
         195     2301286
         196     2312198
         197     2298771
         198     2313739
         199     2288888
         200     2306517
         201     2298335
         202     2286114
         203     2300760
         204     2271560
         205     2302071
         206     2292824
         207     2289698
         208     2288916
         209     2279364
         210     2305396
         211     2289860
         212     2269931
         213     2286222
         214     2292524
         215     2293936
         216     2276930
         217     2307394
         218     2278969
         219     2284561
         220     2293062
         221     2303214
         222     2309177
         223     2301876
         224     2294594
         225     2307712
         226     2305316
         227     2302687
         228     2288188
         229     2270646
         230     2292665
         231     2295551
         232     2276592
         233     2311006
         234     2276712
         235     2279283
         236     2305068
         237     2300814
         238     2282793
         239     2290912
         240     2289715
         241     2286383
         242     2272052
         243     2299181
         244     2305166
         245     2306540
         246     2278200
         247     2272106
         248     2317158
         249     2315186
         250     2301787
         251     2270354
         252     2297240
         253     2324955
         254     2286520
         255     2274064
         256     2276081
         257     2287596
         258     2286063
         259     2302793
         260     2281640
         261     2303023
         262     2306790
         263     2280207
         264     2291365
         265     2295659
         266     2290027
         267     2266911
         268     2257336
         269     2281985
         270     2298870
         271     2292100
         272     2289307
         273     2302702
         274     2299736
         275     2257347
         276     2282930
         277     2300387
         278     2274748
         279     2305712
         280     2311977
         281     2272610
         282     2300415
         283     2317026
         284     2287337
         285     2279307
         286     2312995
         287     2305012
         288     2272592
         289     2291265
         290     2298024
         291     2280421
         292     2306467
         293     2298426
         294     2312022
         295     2310796
         296     2293993
         297     2279134
         298     2294577
         299     2305282
         300     2301778
         301     2270205
         302     2271314
         303     2302054
         304     2298738
         305     2277068
         306     2324211
         307     2322021
         308     2288396
         309     2329642
         310     2304533
         311     2284344
         312     2280914
         313     2315178
         314     2300966
         315     2310229
         316     2308201
         317     2291721
         318     2299967
         319     2292826
         320     2301713
         321     2295124
         322     2294441
         323     2296889
         324     2279847
         325     2305716
         326     2283692
         327     2281685
         328     2278973
         329     2316192
         330     2294078
         331     2289012
         332     2311483
         333     2296207
         334     2296462
         335     2271732
         336     2267537
         337     2265390
         338     2304668
         339     2285108
         340     2282612
         341     2261396
         342     2292258
         343     2280515
         344     2299779
         345     2305412
         346     2290910
         347     2292166
         348     2284872
         349     2298358
         350     2285523
         351     2290087
         352     2315173
         353     2306094
         354     2295222
         355     2285428
         356     2310083
         357     2286216
         358     2279294
         359     2274756
         360     2278325
         361     2307745
         362     2300295
         363     2294018
         364     2283438
         365     2282015
         366     2310132
         367     2297426
         368     2279241
         369     2300032
         370     2282990
         371     2298936
         372     2253507
         373     2295699
         374     2276307
         375     2286535
         376     2298163
         377     2273880
         378     2289218
         379     2263184
         380     2264211
         381     2280333
         382     2288042
         383     2297933
         384     2257381
         385     2282351
         386     2307816
         387     2313180
         388     2297388
         389     2284209
         390     2298099
         391     2271390
         392     2306124
         393     2311635
         394     2288526
         395     2283607
         396     2280697
         397     2302077
         398     2303817
         399     2310738
         400     2310792
         401     2301799
         402     2313523
         403     2308844
         404     2267074
         405     2275482
         406     2296216
         407     2287210
         408     2286504
         409     2304682
         410     2308442
         411     2310650
         412     2293423
         413     2282988
         414     2265667
         415     2300933
         416     2245383
         417     2299341
         418     2291860
         419     2262196
         420     2287606
         421     2305889
         422     2301268
         423     2249280
         424     2294842
         425     2274996
         426     2288449
         427     2295884
         428     2283811
         429     2304200
         430     2272005
         431     2284198
         432     2309165
         433     2288683
         434     2289150
         435     2298775
         436     2303152
         437     2317503
         438     2304296
         439     2283875
         440     2323308
         441     2276351
         442     2318202
         443     2291289
         444     2302469
         445     2299136
         446     2297935
         447     2313166
         448     2290934
         449     2312240
         450     2304296
         451     2291832
         452     2304989
         453     2315445
         454     2287687
         455     2305532
         456     2279116
         457     2307795
         458     2291437
         459     2303185
         460     2284461
         461     2307162
         462     2296034
         463     2273157
         464     2294894
         465     2304838
         466     2291255
         467     2269345
         468     2277258
         469     2291232
         470     2296741
         471     2290606
         472     2283902
         473     2283480
         474     2264303
         475     2294486
         476     2296126
         477     2309128
         478     2304745
         479     2285255
         480     2304057
         481     2295238
         482     2295957
         483     2274412
         484     2283817
         485     2305302
         486     2308397
         487     2300284
         488     2300894
         489     2293608
         490     2306001
         491     2312886
         492     2288315
         493     2311048
         494     2315710
         495     2288229
         496     2293014
         497     2306190
         498     2291687
         499     2309070
         500     2308034
         501     2275968
         502     2311229
         503     2291291
         504     2267259
         505     2278881
         506     2328956
         507     2290771
         508     2305840
         509     2294309
         510     2284023
         511     2267034
         512     2294212
         513     2297366
         514     2276737
         515     2309408
         516     2301940
         517     2288574
         518     2292258
         519     2290149
         520     2299078
         521     2290002
         522     2308177
         523     2299195
         524     2308756
         525     2280756
         526     2297450
         527     2299830
         528     2280696
         529     2303334
         530     2295284
         531     2311002
         532     2290787
         533     2305656
         534     2292129
         535     2302816
         536     2272653
         537     2296126
         538     2265677
         539     2311743
         540     2292348
         541     2306813
         542     2311223
         543     2327149
         544     2308771
         545     2294061
         546     2320969
         547     2302372
         548     2296916
         549     2298026
         550     2277058
         551     2296702
         552     2267916
         553     2285673
         554     2316402
         555     2293451
         556     2290098
         557     2285250
         558     2294451
         559     2275952
         560     2298102
         561     2306582
         562     2297560
         563     2292178
         564     2291474
         565     2297479
         566     2281347
         567     2324463
         568     2296466
         569     2291361
         570     2304611
         571     2295064
         572     2280124
         573     2272951
         574     2318758
         575     2278210
         576     2302247
         577     2293746
         578     2285856
         579     2316133
         580     2296382
         581     2300100
         582     2306112
         583     2334850
         584     2270993
         585     2272107
         586     2311290
         587     2313351
         588     2306076
         589     2299159
         590     2297824
         591     2311802
         592     2305940
         593     2299639
         594     2310592
         595     2321186
         596     2254267
         597     2294970
         598     2316172
         599     2297566
         600     2279904
         601     2316721
         602     2310154
         603     2291433
         604     2292352
         605     2294075
         606     2315359
         607     2280327
         608     2268386
         609     2311794
         610     2312274
         611     2289748
         612     2316160
         613     2316741
         614     2306837
         615     2320232
         616     2290690
         617     2307965
         618     2305281
         619     2280956
         620     2324945
         621     2307944
         622     2284748
         623     2302956
         624     2293756
         625     2303799
         626     2310130
         627     2316950
         628     2301147
         629     2278507
         630     2308144
         631     2272932
         632     2308725
         633     2277528
         634     2298452
         635     2308743
         636     2314487
         637     2290361
         638     2296621
         639     2279684
         640     2296262
         641     2323712
         642     2310158
         643     2290452
         644     2279921
         645     2292658
         646     2323797
         647     2317183
         648     2266791
         649     2302145
         650     2297717
         651     2331837
         652     2320552
         653     2294204
         654     2331481
         655     2310727
         656     2295353
         657     2316940
         658     2309766
         659     2298715
         660     2314650
         661     2316340
         662     2311111
         663     2286762
         664     2270092
         665     2292539
         666     2299624
         667     2287662
         668     2286093
         669     2297035
         670     2324368
         671     2314147
         672     2323408
         673     2298091
         674     2287618
         675     2304290
         676     2322797
         677     2312887
         678     2269261
         679     2299866
         680     2290410
         681     2297557
         682     2316427
         683     2302012
         684     2294972
         685     2293514
         686     2314507
         687     2299964
         688     2323701
         689     2272780
         690     2307435
         691     2315516
         692     2293572
         693     2323322
         694     2291980
         695     2320759
         696     2313875
         697     2336639
         698     2295990
         699     2312334
         700     2310026
         701     2299964
         702     2316746
         703     2298432
         704     2320838
         705     2329056
         706     2311580
         707     2307599
         708     2313015
         709     2325967
         710     2317059
         711     2309564
         712     2291239
         713     2307656
         714     2321102
         715     2277323
         716     2307279
         717     2328514
         718     2330398
         719     2315367
         720     2288193
         721     2321945
         722     2316646
         723     2321349
         724     2325372
         725     2315291
         726     2305232
         727     2327375
         728     2334254
         729     2313515
         730     2309656
         731     2295467
         732     2324820
         733     2303396
         734     2319574
         735     2311959
         736     2310320
         737     2321159
         738     2312192
         739     2312270
         740     2329569
         741     2309709
         742     2313392
         743     2307773
         744     2309380
         745     2317429
         746     2305586
         747     2340626
         748     2330159
         749     2315548
         750     2324021
         751     2345661
         752     2328910
         753     2306794
         754     2318702
         755     2314421
         756     2328978
         757     2340003
         758     2312407
         759     2320258
         760     2325672
         761     2314588
         762     2317771
         763     2347930
         764     2314824
         765     2347370
         766     2317161
         767     2333506
         768     2355846
         769     2331015
         770     2321706
         771     2307726
         772     2337402
         773     2313050
         774     2321121
         775     2332732
         776     2332515
         777     2313350
         778     2317799
         779     2315615
         780     2309886
         781     2324661
         782     2326987
         783     2353346
         784     2330608
         785     2337702
         786     2334629
         787     2315919
         788     2316063
         789     2342311
         790     2334779
         791     2337855
         792     2316359
         793     2305162
         794     2341705
         795     2341931
         796     2329965
         797     2306867
         798     2355991
         799     2319262
         800     2333604
         801     2336785
         802     2362874
         803     2309902
         804     2317816
         805     2319594
         806     2330473
         807     2346151
         808     2288564
         809     2333298
         810     2347944
         811     2304747
         812     2328899
         813     2331366
         814     2318000
         815     2328052
         816     2316209
         817     2312425
         818     2323817
         819     2330818
         820     2327695
         821     2316202
         822     2314338
         823     2288284
         824     2316323
         825     2330754
         826     2339282
         827     2303097
         828     2319271
         829     2274587
         830     2339210
         831     2309611
         832     2322491
         833     2344431
         834     2347456
         835     2334643
         836     2337466
         837     2288539
         838     2330712
         839     2330833
         840     2319066
         841     2330067
         842     2316351
         843     2326301
         844     2301276
         845     2326892
         846     2339354
         847     2303897
         848     2314179
         849     2347386
         850     2314953
         851     2309656
         852     2291897
         853     2331835
         854     2330939
         855     2312576
         856     2318149
         857     2312612
         858     2335609
         859     2307543
         860     2308972
         861     2352616
         862     2357137
         863     2339117
         864     2311305
         865     2346701
         866     2332597
         867     2320525
         868     2338733
         869     2333832
         870     2319666
         871     2331049
         872     2342572
         873     2326541
         874     2333029
         875     2331321
         876     2324846
         877     2318310
         878     2329810
         879     2309861
         880     2317959
         881     2338264
         882     2338359
         883     2333218
         884     2339281
         885     2313960
         886     2322316
         887     2353048
         888     2321906
         889     2336698
         890     2311740
         891     2327814
         892     2337378
         893     2317750
         894     2313788
         895     2324611
         896     2325223
         897     2322517
         898     2322286
         899     2312945
         900     2336973
         901     2337670
         902     2324800
         903     2329947
         904     2342630
         905     2345100
         906     2344515
         907     2335597
         908     2321630
         909     2315691
         910     2348160
         911     2345285
         912     2294361
         913     2330122
         914     2317380
         915     2331776
         916     2339105
         917     2325584
         918     2328033
         919     2337664
         920     2310371
         921     2331098
         922     2326600
         923     2342811
         924     2346586
         925     2321941
         926     2292609
         927     2322221
         928     2323222
         929     2340223
         930     2312048
         931     2316017
         932     2341162
         933     2318462
         934     2311912
         935     2322167
         936     2342293
         937     2361103
         938     2331639
         939     2327464
         940     2324749
         941     2309950
         942     2340062
         943     2321271
         944     2332964
         945     2344750
         946     2309852
         947     2320327
         948     2336837
         949     2339937
         950     2319328
         951     2330406
         952     2328442
         953     2323346
         954     2322800
         955     2355472
         956     2333411
         957     2335387
         958     2315739
         959     2292891
         960     2346923
         961     2339402
         962     2353217
         963     2323898
         964     2327478
         965     2319464
         966     2304216
         967     2310900
         968     2356387
         969     2327156
         970     2347446
         971     2359505
         972     2317492
         973     2333912
         974     2342061
         975     2352882
         976     2317632
         977     2346491
         978     2331570
         979     2323867
         980     2327384
         981     2333143
         982     2335578
         983     2346436
         984     2339674
         985     2314442
         986     2312516
         987     2322588
         988     2341642
         989     2335392
