         IDX      L1D-WB
           0       23201
           1       23073
           2       23077
           3       23197
           4       23191
           5       23078
           6       23074
           7       23206
           8       23196
           9       23078
          10       23201
          11       23077
          12       23201
          13       23075
          14       23200
          15       23202
          16       23197
          17       23097
          18       23073
          19       23321
          20       23076
          21       23316
          22       23239
          23       23098
          24       23074
          25       23071
          26       23195
          27       23078
          28       23201
          29       23223
          30       23070
          31       23069
          32       23195
          33       23070
          34       23070
          35       23077
          36       23074
          37       23088
          38       23196
          39       23197
          40       23075
          41       23198
          42       23204
          43       23198
          44       23204
          45       23198
          46       23077
          47       23195
          48       23180
          49       23074
          50       23200
          51       23073
          52       23087
          53       23088
          54       23199
          55       23084
          56       23195
          57       23104
          58       23195
          59       23093
          60       23071
          61       23090
          62       23081
          63       23200
          64       23196
          65       23218
          66       23094
          67       23077
          68       23198
          69       23091
          70       23077
          71       23067
          72       23069
          73       23073
          74       23199
          75       23114
          76       23197
          77       23201
          78       23081
          79       23199
          80       23346
          81       23183
          82       23079
          83       23198
          84       23073
          85       23080
          86       23099
          87       23072
          88       23078
          89       23202
          90       23097
          91       23176
          92       23409
          93       23113
          94       23199
          95       23091
          96       23199
          97       23298
          98       23199
          99       23073
         100       23201
         101       23208
         102       23076
         103       23195
         104       23196
         105       23076
         106       23100
         107       23083
         108       23195
         109       23201
         110       23190
         111       23073
         112       23200
         113       23077
         114       23205
         115       23097
         116       23098
         117       23198
         118       23076
         119       23198
         120       23200
         121       23071
         122       23195
         123       23195
         124       23079
         125       23196
         126       23093
         127       23197
         128       23195
         129       23223
         130       23199
         131       23198
         132       23072
         133       23197
         134       23200
         135       23197
         136       23177
         137       23206
         138       23198
         139       23323
         140       23078
         141       23076
         142       23073
         143       23199
         144       23074
         145       23073
         146       23198
         147       23101
         148       23327
         149       23071
         150       23073
         151       23073
         152       23073
         153       23197
         154       23092
         155       23069
         156       23071
         157       23071
         158       23071
         159       23199
         160       23201
         161       23096
         162       23073
         163       23216
         164       23073
         165       23197
         166       23075
         167       23079
         168       23072
         169       23194
         170       23200
         171       23204
         172       23182
         173       23198
         174       23198
         175       23200
         176       23200
         177       23202
         178       23200
         179       23201
         180       23200
         181       23199
         182       23185
         183       23180
         184       23217
         185       23094
         186       23197
         187       23324
         188       23195
         189       23199
         190       23079
         191       23199
         192       23075
         193       23198
         194       23121
         195       23071
         196       23076
         197       23083
         198       23200
         199       23219
         200       23202
         201       23077
         202       23196
         203       23195
         204       23195
         205       23073
         206       23092
         207       23305
         208       23073
         209       23276
         210       23100
         211       23197
         212       23075
         213       23199
         214       23071
         215       23196
         216       23101
         217       23205
         218       23196
         219       23204
         220       23076
         221       23070
         222       23116
         223       23198
         224       23082
         225       23199
         226       23073
         227       23072
         228       23205
         229       23071
         230       23072
         231       23203
         232       23072
         233       23201
         234       23078
         235       23096
         236       23204
         237       23216
         238       23194
         239       23074
         240       23223
         241       23199
         242       23247
         243       23073
         244       23071
         245       23197
         246       23323
         247       23068
         248       23195
         249       23200
         250       23072
         251       23199
         252       23200
         253       23197
         254       23197
         255       23197
         256       23197
         257       23197
         258       23197
         259       23197
         260       23196
         261       23073
         262       23089
         263       23093
         264       23203
         265       23100
         266       23318
         267       23200
         268       23072
         269       23180
         270       23199
         271       23196
         272       23115
         273       23087
         274       23102
         275       23201
         276       23075
         277       23321
         278       23198
         279       23088
         280       23078
         281       23197
         282       23198
         283       23204
         284       23074
         285       23094
         286       23201
         287       23116
         288       23069
         289       23302
         290       23070
         291       23074
         292       23073
         293       23078
         294       23096
         295       23095
         296       23245
         297       23198
         298       23080
         299       23075
         300       23315
         301       23094
         302       23186
         303       23076
         304       23095
         305       23202
         306       23201
         307       23078
         308       23075
         309       23215
         310       23202
         311       23103
         312       23197
         313       23198
         314       23198
         315       23078
         316       23204
         317       23070
         318       23325
         319       23198
         320       23080
         321       23197
         322       23203
         323       23105
         324       23079
         325       23205
         326       23071
         327       23080
         328       23204
         329       23213
         330       23078
         331       23200
         332       23082
         333       23078
         334       23200
         335       23198
         336       23073
         337       23197
         338       23076
         339       23203
         340       23091
         341       23196
         342       23199
         343       23197
         344       23309
         345       23078
         346       23184
         347       23201
         348       23194
         349       23200
         350       23076
         351       23323
         352       23078
         353       23197
         354       23197
         355       23075
         356       23198
         357       23116
         358       23201
         359       23199
         360       23074
         361       23197
         362       23099
         363       23200
         364       23080
         365       23120
         366       23080
         367       23217
         368       23072
         369       23202
         370       23073
         371       23072
         372       23069
         373       23083
         374       23225
         375       23182
         376       23199
         377       23069
         378       23200
         379       23199
         380       23196
         381       23099
         382       23074
         383       23198
         384       23098
         385       23200
         386       23178
         387       23200
         388       23307
         389       23076
         390       23187
         391       23072
         392       23217
         393       23199
         394       23073
         395       23302
         396       23196
         397       23079
         398       23198
         399       23075
         400       23092
         401       23203
         402       23193
         403       23204
         404       23078
         405       23201
         406       23201
         407       23173
         408       23070
         409       23092
         410       23323
         411       23203
         412       23111
         413       23074
         414       23071
         415       23199
         416       23217
         417       23206
         418       23086
         419       23076
         420       23178
         421       23221
         422       23198
         423       23076
         424       23197
         425       23202
         426       23200
         427       23324
         428       23082
         429       23196
         430       23324
         431       23198
         432       23195
         433       23324
         434       23200
         435       23200
         436       23198
         437       23197
         438       23076
         439       23077
         440       23196
         441       23199
         442       23204
         443       23070
         444       23175
         445       23184
         446       23196
         447       23114
         448       23073
         449       23077
         450       23070
         451       23085
         452       23195
         453       23197
         454       23073
         455       23097
         456       23079
         457       23204
         458       23189
         459       23199
         460       23301
         461       23178
         462       23100
         463       23300
         464       23076
         465       23306
         466       23070
         467       23076
         468       23282
         469       23202
         470       23075
         471       23205
         472       23186
         473       23093
         474       23074
         475       23195
         476       23077
         477       23305
         478       23096
         479       23074
         480       23322
         481       23073
         482       23202
         483       23109
         484       23073
         485       23077
         486       23200
         487       23196
         488       23199
         489       23074
         490       23078
         491       23173
         492       23071
         493       23071
         494       23072
         495       23192
         496       23096
         497       23200
         498       23089
         499       23075
         500       23201
         501       23183
         502       23090
         503       23096
         504       23197
         505       23196
         506       23077
         507       23086
         508       23196
         509       23202
         510       23079
         511       23212
         512       23226
         513       23077
         514       23075
         515       23201
         516       23201
         517       23074
         518       23201
         519       23203
         520       23192
         521       23101
         522       23197
         523       23076
         524       23199
         525       23201
         526       23196
         527       23098
         528       23203
         529       23201
         530       23199
         531       23198
         532       23071
         533       23196
         534       23195
         535       23195
         536       23069
         537       23072
         538       23200
         539       23093
         540       23178
         541       23200
         542       23183
         543       23075
         544       23200
         545       23075
         546       23194
         547       23188
         548       23199
         549       23094
         550       23116
         551       23072
         552       23180
         553       23074
         554       23072
         555       23075
         556       23093
         557       23078
         558       23218
         559       23198
         560       23200
         561       23199
         562       23195
         563       23198
         564       23078
         565       23196
         566       23071
         567       23076
         568       23198
         569       23317
         570       23217
         571       23070
         572       23068
         573       23073
         574       23196
         575       23079
         576       23075
         577       23199
         578       23075
         579       23203
         580       23074
         581       23072
         582       23072
         583       23201
         584       23198
         585       23078
         586       23077
         587       23204
         588       23194
         589       23200
         590       23201
         591       23200
         592       23198
         593       23199
         594       23076
         595       23081
         596       23193
         597       23071
         598       23204
         599       23095
         600       23069
         601       23072
         602       23080
         603       23111
         604       23084
         605       23096
         606       23092
         607       23197
         608       23070
         609       23095
         610       23095
         611       23179
         612       23216
         613       23200
         614       23199
         615       23077
         616       23077
         617       23320
         618       23193
         619       23099
         620       23199
         621       23198
         622       23179
         623       23072
         624       23074
         625       23082
         626       23077
         627       23095
         628       23202
         629       23072
         630       23088
         631       23192
         632       23175
         633       23070
         634       23187
         635       23094
         636       23076
         637       23098
         638       23100
         639       23072
         640       23075
         641       23176
         642       23070
         643       23070
         644       23073
         645       23116
         646       23231
         647       23216
         648       23205
         649       23077
         650       23196
         651       23172
         652       23078
         653       23204
         654       23197
         655       23200
         656       23084
         657       23203
         658       23191
         659       23075
         660       23078
         661       23088
         662       23206
         663       23072
         664       23223
         665       23195
         666       23070
         667       23095
         668       23197
         669       23201
         670       23198
         671       23235
         672       23197
         673       23196
         674       23069
         675       23076
         676       23070
         677       23199
         678       23077
         679       23200
         680       23203
         681       23193
         682       23222
         683       23196
         684       23323
         685       23075
         686       23076
         687       23201
         688       23090
         689       23195
         690       23214
         691       23197
         692       23075
         693       23196
         694       23199
         695       23198
         696       23196
         697       23110
         698       23194
         699       23077
         700       23077
         701       23200
         702       23074
         703       23100
         704       23200
         705       23196
         706       23099
         707       23075
         708       23082
         709       23117
         710       23100
         711       23081
         712       23182
         713       23076
         714       23201
         715       23198
         716       23079
         717       23197
         718       23178
         719       23078
         720       23081
         721       23077
         722       23199
         723       23198
         724       23217
         725       23117
         726       23178
         727       23199
         728       23078
         729       23199
         730       23074
         731       23112
         732       23184
         733       23109
         734       23074
         735       23076
         736       23075
         737       23173
         738       23076
         739       23196
         740       23195
         741       23177
         742       23080
         743       23201
         744       23183
         745       23075
         746       23078
         747       23201
         748       23098
         749       23200
         750       23200
         751       23074
         752       23198
         753       23197
         754       23071
         755       23076
         756       23183
         757       23093
         758       23197
         759       23089
         760       23076
         761       23111
         762       23075
         763       23093
         764       23078
         765       23094
         766       23222
         767       23197
         768       23072
         769       23072
         770       23194
         771       23303
         772       23095
         773       23098
         774       23181
         775       23075
         776       23324
         777       23077
         778       23203
         779       23200
         780       23079
         781       23198
         782       23203
         783       23317
         784       23086
         785       23069
         786       23195
         787       23068
         788       23070
         789       23182
         790       23214
         791       23199
         792       23198
         793       23089
         794       23198
         795       23182
         796       23301
         797       23178
         798       23196
         799       23201
         800       23218
         801       23072
         802       23200
         803       23182
         804       23195
         805       23115
         806       23203
         807       23073
         808       23070
         809       23071
         810       23089
         811       23081
         812       23090
         813       23078
         814       23184
         815       23181
         816       23084
         817       23200
         818       23095
         819       23179
         820       23306
         821       23076
         822       23324
         823       23196
         824       23201
         825       23074
         826       23201
         827       23192
         828       23070
         829       23204
         830       23075
         831       23199
         832       23198
         833       23219
         834       23074
         835       23321
         836       23075
         837       23195
         838       23091
         839       23202
         840       23198
         841       23104
         842       23199
         843       23078
         844       23306
         845       23206
         846       23073
         847       23077
         848       23192
         849       23203
         850       23303
         851       23197
         852       23074
         853       23195
         854       23073
         855       23201
         856       23201
         857       23196
         858       23200
         859       23069
         860       23202
         861       23075
         862       23201
         863       23323
         864       23075
         865       23199
         866       23195
         867       23198
         868       23319
         869       23202
         870       23197
         871       23204
         872       23079
         873       23194
         874       23177
         875       23199
         876       23200
         877       23196
         878       23091
         879       23177
         880       23200
         881       23206
         882       23197
         883       23068
         884       23201
         885       23172
         886       23222
         887       23197
         888       23197
         889       23195
         890       23089
         891       23195
         892       23196
         893       23079
         894       23086
         895       23198
         896       23074
         897       23201
         898       23318
         899       23109
         900       23312
         901       23111
         902       23199
         903       23199
         904       23202
         905       23076
         906       23077
         907       23206
         908       23079
         909       23176
         910       23076
         911       23133
         912       23082
         913       23194
         914       23198
         915       23192
         916       23069
         917       23201
         918       23098
         919       23102
         920       23091
         921       23074
         922       23081
         923       23111
         924       23120
         925       23195
         926       23078
         927       23195
         928       23223
         929       23197
         930       23197
         931       23070
         932       23198
         933       23076
         934       23076
         935       23079
         936       23197
         937       23080
         938       23199
         939       23199
         940       23075
         941       23214
         942       23207
         943       23197
         944       23075
         945       23316
         946       23069
         947       23079
         948       23196
         949       23076
         950       23104
         951       23077
         952       23194
         953       23071
         954       23075
         955       23218
         956       23193
         957       23202
         958       23216
         959       23099
         960       23224
         961       23198
         962       23183
         963       23094
         964       23306
         965       23198
         966       23076
         967       23197
         968       23072
         969       23073
         970       23078
         971       23192
         972       23196
         973       23195
         974       23096
         975       23076
         976       23073
         977       23076
         978       23077
         979       23114
         980       23184
         981       23304
         982       23074
         983       23080
         984       23196
         985       23074
         986       23086
         987       23085
         988       23073
         989       23074
