         IDX  L2-REFILLS
           0       23067
           1       23067
           2       23067
           3       23067
           4       23068
           5       23067
           6       23067
           7       23069
           8       23067
           9       23067
          10       23095
          11       23067
          12       23078
          13       23067
          14       23069
          15       23068
          16       23067
          17       23071
          18       23067
          19       23085
          20       23068
          21       23074
          22       23069
          23       23067
          24       23067
          25       23068
          26       23068
          27       23067
          28       23067
          29       23067
          30       23067
          31       23067
          32       23067
          33       23067
          34       23067
          35       23067
          36       23067
          37       23067
          38       23067
          39       23067
          40       23067
          41       23067
          42       23067
          43       23067
          44       23067
          45       23068
          46       23067
          47       23071
          48       23067
          49       23067
          50       23067
          51       23067
          52       23067
          53       23067
          54       23067
          55       23067
          56       23067
          57       23067
          58       23075
          59       23067
          60       23067
          61       23067
          62       23067
          63       23067
          64       23067
          65       23067
          66       23067
          67       23067
          68       23067
          69       23067
          70       23067
          71       23067
          72       23067
          73       23067
          74       23067
          75       23067
          76       23067
          77       23067
          78       23067
          79       23067
          80       23067
          81       23067
          82       23067
          83       23067
          84       23067
          85       23067
          86       23067
          87       23067
          88       23067
          89       23067
          90       23067
          91       23067
          92       23067
          93       23067
          94       23067
          95       23067
          96       23067
          97       23070
          98       23067
          99       23067
         100       23067
         101       23067
         102       23067
         103       23067
         104       23067
         105       23067
         106       23067
         107       23067
         108       23067
         109       23067
         110       23067
         111       23067
         112       23067
         113       23067
         114       23067
         115       23067
         116       23067
         117       23067
         118       23067
         119       23067
         120       23067
         121       23067
         122       23067
         123       23067
         124       23067
         125       23067
         126       23067
         127       23067
         128       23069
         129       23067
         130       23067
         131       23067
         132       23067
         133       23067
         134       23092
         135       23073
         136       23074
         137       23069
         138       23070
         139       23067
         140       23067
         141       23068
         142       23068
         143       23083
         144       23067
         145       23067
         146       23105
         147       23068
         148       23085
         149       23067
         150       23067
         151       23067
         152       23067
         153       23067
         154       23067
         155       23067
         156       23067
         157       23067
         158       23067
         159       23067
         160       23067
         161       23067
         162       23067
         163       23067
         164       23067
         165       23067
         166       23067
         167       23067
         168       23067
         169       23067
         170       23067
         171       23067
         172       23067
         173       23067
         174       23066
         175       23066
         176       23068
         177       23067
         178       23067
         179       23067
         180       23067
         181       23067
         182       23067
         183       23069
         184       23066
         185       23067
         186       23067
         187       23067
         188       23067
         189       23068
         190       23067
         191       23073
         192       23067
         193       23067
         194       23067
         195       23067
         196       23068
         197       23067
         198       23072
         199       23067
         200       23084
         201       23067
         202       23071
         203       23068
         204       23067
         205       23067
         206       23067
         207       23068
         208       23067
         209       23069
         210       23067
         211       23067
         212       23067
         213       23067
         214       23067
         215       23067
         216       23067
         217       23067
         218       23071
         219       23067
         220       23067
         221       23067
         222       23067
         223       23067
         224       23067
         225       23069
         226       23067
         227       23067
         228       23067
         229       23067
         230       23067
         231       23067
         232       23067
         233       23067
         234       23067
         235       23068
         236       23067
         237       23067
         238       23067
         239       23067
         240       23067
         241       23071
         242       23073
         243       23067
         244       23067
         245       23078
         246       23067
         247       23067
         248       23069
         249       23068
         250       23067
         251       23067
         252       23067
         253       23072
         254       23067
         255       23067
         256       23067
         257       23067
         258       23067
         259       23067
         260       23067
         261       23067
         262       23067
         263       23067
         264       23067
         265       23067
         266       23067
         267       23067
         268       23067
         269       23067
         270       23083
         271       23069
         272       23067
         273       23068
         274       23068
         275       23074
         276       23067
         277       23069
         278       23067
         279       23067
         280       23067
         281       23075
         282       23067
         283       23078
         284       23067
         285       23067
         286       23083
         287       23067
         288       23067
         289       23074
         290       23065
         291       23068
         292       23067
         293       23067
         294       23067
         295       23067
         296       23067
         297       23067
         298       23067
         299       23067
         300       23067
         301       23067
         302       23068
         303       23067
         304       23067
         305       23069
         306       23067
         307       23068
         308       23067
         309       23081
         310       23067
         311       23067
         312       23069
         313       23077
         314       23067
         315       23067
         316       23080
         317       23067
         318       23071
         319       23067
         320       23067
         321       23067
         322       23067
         323       23068
         324       23067
         325       23094
         326       23067
         327       23067
         328       23068
         329       23070
         330       23067
         331       23067
         332       23067
         333       23067
         334       23069
         335       23070
         336       23067
         337       23067
         338       23067
         339       23067
         340       23067
         341       23069
         342       23068
         343       23067
         344       23068
         345       23069
         346       23067
         347       23070
         348       23067
         349       23067
         350       23067
         351       23083
         352       23067
         353       23067
         354       23101
         355       23067
         356       23070
         357       23067
         358       23068
         359       23067
         360       23067
         361       23076
         362       23068
         363       23067
         364       23067
         365       23067
         366       23067
         367       23067
         368       23067
         369       23067
         370       23067
         371       23067
         372       23067
         373       23067
         374       23067
         375       23067
         376       23069
         377       23067
         378       23067
         379       23067
         380       23067
         381       23067
         382       23067
         383       23070
         384       23067
         385       23067
         386       23067
         387       23067
         388       23067
         389       23067
         390       23067
         391       23067
         392       23067
         393       23067
         394       23067
         395       23067
         396       23067
         397       23067
         398       23067
         399       23067
         400       23067
         401       23068
         402       23067
         403       23067
         404       23068
         405       23067
         406       23067
         407       23076
         408       23067
         409       23067
         410       23074
         411       23067
         412       23067
         413       23067
         414       23067
         415       23067
         416       23067
         417       23067
         418       23067
         419       23067
         420       23067
         421       23067
         422       23069
         423       23067
         424       23068
         425       23067
         426       23067
         427       23067
         428       23069
         429       23070
         430       23068
         431       23067
         432       23069
         433       23068
         434       23067
         435       23074
         436       23084
         437       23067
         438       23067
         439       23067
         440       23088
         441       23070
         442       23067
         443       23067
         444       23067
         445       23073
         446       23069
         447       23068
         448       23067
         449       23067
         450       23067
         451       23067
         452       23067
         453       23067
         454       23067
         455       23067
         456       23067
         457       23067
         458       23067
         459       23068
         460       23068
         461       23067
         462       23067
         463       23067
         464       23067
         465       23082
         466       23067
         467       23067
         468       23067
         469       23080
         470       23067
         471       23079
         472       23068
         473       23067
         474       23068
         475       23067
         476       23067
         477       23068
         478       23067
         479       23067
         480       23067
         481       23066
         482       23070
         483       23067
         484       23067
         485       23067
         486       23067
         487       23067
         488       23074
         489       23067
         490       23067
         491       23067
         492       23067
         493       23067
         494       23067
         495       23067
         496       23067
         497       23067
         498       23067
         499       23067
         500       23067
         501       23067
         502       23067
         503       23068
         504       23067
         505       23067
         506       23067
         507       23067
         508       23067
         509       23070
         510       23067
         511       23067
         512       23069
         513       23067
         514       23067
         515       23071
         516       23067
         517       23067
         518       23067
         519       23067
         520       23067
         521       23067
         522       23067
         523       23067
         524       23067
         525       23067
         526       23067
         527       23067
         528       23067
         529       23068
         530       23076
         531       23067
         532       23067
         533       23067
         534       23067
         535       23068
         536       23067
         537       23067
         538       23067
         539       23067
         540       23067
         541       23069
         542       23067
         543       23067
         544       23067
         545       23067
         546       23067
         547       23068
         548       23067
         549       23067
         550       23068
         551       23067
         552       23067
         553       23067
         554       23067
         555       23067
         556       23067
         557       23067
         558       23067
         559       23069
         560       23067
         561       23071
         562       23067
         563       23067
         564       23067
         565       23067
         566       23067
         567       23068
         568       23074
         569       23069
         570       23079
         571       23067
         572       23067
         573       23067
         574       23074
         575       23067
         576       23067
         577       23069
         578       23067
         579       23067
         580       23067
         581       23067
         582       23067
         583       23067
         584       23067
         585       23067
         586       23067
         587       23067
         588       23067
         589       23068
         590       23067
         591       23067
         592       23067
         593       23068
         594       23067
         595       23067
         596       23067
         597       23067
         598       23067
         599       23067
         600       23067
         601       23067
         602       23067
         603       23067
         604       23067
         605       23067
         606       23067
         607       23067
         608       23067
         609       23067
         610       23067
         611       23067
         612       23067
         613       23067
         614       23067
         615       23067
         616       23067
         617       23069
         618       23069
         619       23067
         620       23069
         621       23067
         622       23067
         623       23067
         624       23067
         625       23067
         626       23067
         627       23068
         628       23068
         629       23067
         630       23067
         631       23070
         632       23067
         633       23067
         634       23067
         635       23067
         636       23067
         637       23067
         638       23067
         639       23067
         640       23067
         641       23067
         642       23067
         643       23067
         644       23067
         645       23067
         646       23067
         647       23067
         648       23067
         649       23067
         650       23067
         651       23066
         652       23066
         653       23067
         654       23068
         655       23068
         656       23067
         657       23067
         658       23067
         659       23067
         660       23067
         661       23067
         662       23067
         663       23067
         664       23067
         665       23067
         666       23067
         667       23067
         668       23067
         669       23067
         670       23067
         671       23067
         672       23067
         673       23067
         674       23067
         675       23067
         676       23067
         677       23067
         678       23067
         679       23067
         680       23067
         681       23067
         682       23067
         683       23066
         684       23067
         685       23067
         686       23067
         687       23067
         688       23067
         689       23067
         690       23067
         691       23067
         692       23067
         693       23067
         694       23067
         695       23068
         696       23067
         697       23067
         698       23067
         699       23067
         700       23068
         701       23067
         702       23067
         703       23067
         704       23067
         705       23067
         706       23067
         707       23067
         708       23067
         709       23067
         710       23067
         711       23067
         712       23067
         713       23067
         714       23067
         715       23067
         716       23067
         717       23067
         718       23067
         719       23067
         720       23067
         721       23067
         722       23067
         723       23067
         724       23068
         725       23067
         726       23067
         727       23069
         728       23067
         729       23067
         730       23067
         731       23067
         732       23067
         733       23067
         734       23067
         735       23067
         736       23067
         737       23067
         738       23067
         739       23067
         740       23067
         741       23066
         742       23067
         743       23067
         744       23067
         745       23067
         746       23067
         747       23067
         748       23067
         749       23067
         750       23067
         751       23067
         752       23074
         753       23067
         754       23067
         755       23067
         756       23067
         757       23067
         758       23067
         759       23067
         760       23067
         761       23067
         762       23067
         763       23067
         764       23067
         765       23067
         766       23067
         767       23067
         768       23067
         769       23067
         770       23067
         771       23067
         772       23067
         773       23067
         774       23067
         775       23067
         776       23068
         777       23067
         778       23067
         779       23067
         780       23067
         781       23067
         782       23088
         783       23071
         784       23067
         785       23066
         786       23069
         787       23066
         788       23067
         789       23068
         790       23073
         791       23067
         792       23084
         793       23067
         794       23068
         795       23068
         796       23074
         797       23066
         798       23066
         799       23071
         800       23069
         801       23068
         802       23091
         803       23070
         804       23093
         805       23068
         806       23072
         807       23068
         808       23067
         809       23067
         810       23067
         811       23067
         812       23067
         813       23067
         814       23067
         815       23067
         816       23067
         817       23067
         818       23067
         819       23067
         820       23067
         821       23067
         822       23068
         823       23067
         824       23067
         825       23067
         826       23068
         827       23067
         828       23067
         829       23067
         830       23067
         831       23067
         832       23067
         833       23068
         834       23067
         835       23069
         836       23067
         837       23081
         838       23067
         839       23071
         840       23085
         841       23067
         842       23067
         843       23067
         844       23068
         845       23071
         846       23067
         847       23067
         848       23067
         849       23067
         850       23067
         851       23067
         852       23067
         853       23067
         854       23067
         855       23068
         856       23069
         857       23067
         858       23067
         859       23067
         860       23069
         861       23067
         862       23069
         863       23067
         864       23067
         865       23071
         866       23067
         867       23067
         868       23073
         869       23067
         870       23067
         871       23067
         872       23067
         873       23067
         874       23067
         875       23067
         876       23067
         877       23067
         878       23067
         879       23067
         880       23067
         881       23071
         882       23068
         883       23067
         884       23074
         885       23067
         886       23067
         887       23067
         888       23067
         889       23067
         890       23067
         891       23067
         892       23067
         893       23067
         894       23066
         895       23071
         896       23065
         897       23067
         898       23067
         899       23067
         900       23069
         901       23067
         902       23068
         903       23068
         904       23086
         905       23067
         906       23067
         907       23081
         908       23067
         909       23068
         910       23067
         911       23067
         912       23067
         913       23067
         914       23067
         915       23067
         916       23067
         917       23067
         918       23067
         919       23067
         920       23067
         921       23067
         922       23067
         923       23068
         924       23067
         925       23067
         926       23067
         927       23067
         928       23067
         929       23067
         930       23067
         931       23067
         932       23067
         933       23067
         934       23067
         935       23067
         936       23068
         937       23067
         938       23067
         939       23078
         940       23067
         941       23067
         942       23067
         943       23067
         944       23067
         945       23067
         946       23067
         947       23067
         948       23067
         949       23067
         950       23067
         951       23067
         952       23067
         953       23067
         954       23067
         955       23067
         956       23067
         957       23067
         958       23067
         959       23068
         960       23068
         961       23067
         962       23067
         963       23069
         964       23067
         965       23067
         966       23067
         967       23067
         968       23067
         969       23067
         970       23067
         971       23067
         972       23067
         973       23067
         974       23067
         975       23067
         976       23067
         977       23067
         978       23067
         979       23067
         980       23067
         981       23067
         982       23067
         983       23067
         984       23068
         985       23067
         986       23067
         987       23067
         988       23067
         989       23067
