         IDX       L2-WB
           0           1
           1           1
           2           2
           3           2
           4           1
           5           3
           6           3
           7           4
           8           2
           9           1
          10           5
          11           2
          12           3
          13           4
          14           2
          15           2
          16           2
          17           7
          18           3
          19           2
          20           3
          21           5
          22           1
          23           3
          24           5
          25           6
          26           2
          27           5
          28           2
          29           2
          30           3
          31           2
          32           4
          33           2
          34           2
          35           1
          36           3
          37           1
          38           5
          39           3
          40           4
          41           1
          42           2
          43           2
          44           2
          45           2
          46           1
          47           2
          48           6
          49           6
          50           5
          51           1
          52           5
          53           5
          54           1
          55           0
          56           1
          57           2
          58           2
          59           4
          60           8
          61           5
          62           1
          63           4
          64           3
          65           1
          66           4
          67           3
          68           0
          69           0
          70           2
          71           3
          72           0
          73           5
          74           6
          75           5
          76           2
          77           3
          78           3
          79           2
          80           1
          81           1
          82           4
          83           2
          84           2
          85           3
          86           4
          87           1
          88           1
          89           0
          90           3
          91           4
          92           5
          93           0
          94           2
          95           5
          96           2
          97           1
          98           1
          99           0
         100           3
         101           5
         102           2
         103           6
         104           2
         105           2
         106           2
         107           1
         108           6
         109           1
         110           4
         111           5
         112           4
         113           0
         114           2
         115           3
         116           1
         117           3
         118           0
         119           2
         120           5
         121           2
         122           5
         123           0
         124           7
         125           5
         126           2
         127           4
         128           7
         129           2
         130           6
         131           1
         132           3
         133           5
         134           4
         135           1
         136           6
         137           1
         138           3
         139           1
         140           1
         141           2
         142           1
         143           0
         144           6
         145           6
         146           4
         147           1
         148           2
         149           2
         150           2
         151           9
         152           3
         153           5
         154           3
         155           2
         156           0
         157           3
         158           3
         159           3
         160           5
         161           1
         162           3
         163           3
         164           1
         165           3
         166           1
         167           1
         168           2
         169           5
         170           3
         171           4
         172           1
         173           2
         174           7
         175           1
         176           2
         177           3
         178           5
         179           3
         180           3
         181           1
         182           1
         183           1
         184           3
         185           3
         186           1
         187           1
         188           1
         189           2
         190           1
         191           1
         192           3
         193           4
         194           4
         195           3
         196           2
         197           1
         198           4
         199           1
         200           2
         201           2
         202           4
         203           3
         204           6
         205           1
         206           5
         207           1
         208           0
         209           6
         210           2
         211           1
         212           1
         213           4
         214           4
         215           0
         216           7
         217           6
         218           2
         219           4
         220           1
         221           6
         222           5
         223           2
         224           0
         225           1
         226           1
         227           3
         228           5
         229           1
         230           6
         231           1
         232           1
         233           3
         234           3
         235           5
         236           0
         237           4
         238           1
         239           3
         240           5
         241           3
         242           1
         243           1
         244           0
         245           2
         246           0
         247           0
         248           0
         249           2
         250           2
         251           7
         252           4
         253           4
         254           3
         255           3
         256           3
         257           3
         258           3
         259           3
         260           3
         261           3
         262           5
         263           6
         264           3
         265           4
         266           1
         267           0
         268           7
         269           2
         270           4
         271           3
         272           1
         273           2
         274           3
         275           4
         276           3
         277           3
         278           4
         279           2
         280           1
         281           0
         282           3
         283           2
         284           0
         285           2
         286           5
         287           2
         288           1
         289           4
         290           8
         291           2
         292           2
         293           5
         294           5
         295           4
         296           2
         297           4
         298           1
         299           2
         300           4
         301           5
         302           4
         303           3
         304           2
         305           5
         306           5
         307           1
         308           6
         309           3
         310           4
         311           5
         312           2
         313           2
         314           2
         315           1
         316           3
         317           3
         318           3
         319           1
         320           1
         321           1
         322           3
         323           4
         324           2
         325           0
         326           0
         327           3
         328           2
         329           1
         330           2
         331           0
         332           5
         333           1
         334           2
         335           2
         336           1
         337           4
         338           2
         339           3
         340           4
         341           1
         342           2
         343           4
         344           1
         345           3
         346           4
         347           3
         348           2
         349           3
         350           2
         351           1
         352           3
         353           5
         354           6
         355           5
         356           2
         357           0
         358           1
         359           5
         360           5
         361           2
         362           8
         363           2
         364           1
         365           2
         366           3
         367           5
         368           1
         369           1
         370           5
         371           3
         372           5
         373           1
         374           5
         375           3
         376           5
         377           2
         378           3
         379           1
         380           4
         381           2
         382           1
         383           3
         384           2
         385           2
         386           5
         387           0
         388           4
         389           4
         390           2
         391           2
         392           6
         393           3
         394           4
         395           5
         396           1
         397           1
         398           1
         399           0
         400           6
         401           2
         402           5
         403           6
         404           2
         405           4
         406           1
         407           1
         408           6
         409           4
         410           5
         411           3
         412           2
         413           3
         414           3
         415           3
         416           3
         417           3
         418           3
         419           2
         420           1
         421           5
         422           2
         423           3
         424           7
         425           2
         426           3
         427           8
         428           4
         429           5
         430           3
         431           3
         432           8
         433           4
         434           4
         435           6
         436           3
         437           0
         438           2
         439           1
         440           2
         441           5
         442           1
         443           6
         444           4
         445           4
         446           3
         447           0
         448           1
         449           5
         450           4
         451           3
         452           4
         453           5
         454           1
         455           2
         456           1
         457           1
         458           2
         459           2
         460           3
         461           4
         462           2
         463           5
         464           1
         465           5
         466           1
         467           6
         468           2
         469           1
         470           4
         471           3
         472           4
         473           4
         474           2
         475           6
         476           2
         477           2
         478           2
         479           1
         480           3
         481           1
         482           3
         483           3
         484           4
         485           3
         486           4
         487           3
         488           4
         489           5
         490           1
         491           4
         492           4
         493           1
         494           7
         495           1
         496           1
         497           2
         498           8
         499           0
         500           6
         501           7
         502           4
         503           4
         504           5
         505           1
         506           2
         507           3
         508           5
         509           2
         510           1
         511           2
         512           6
         513           5
         514           3
         515           1
         516           3
         517           5
         518           3
         519           1
         520           3
         521           4
         522           3
         523           2
         524           6
         525           2
         526           3
         527           1
         528           5
         529           1
         530           4
         531           3
         532           3
         533           2
         534           3
         535           2
         536           3
         537           3
         538           5
         539           5
         540           1
         541           4
         542           2
         543           1
         544           1
         545           1
         546           4
         547           1
         548           1
         549           1
         550           4
         551           3
         552           2
         553           1
         554           0
         555           3
         556           4
         557           3
         558           5
         559           5
         560           8
         561           2
         562           1
         563           3
         564           3
         565           0
         566           3
         567           4
         568           6
         569           1
         570           1
         571           4
         572           2
         573           0
         574           6
         575           1
         576           5
         577           1
         578           3
         579           6
         580           1
         581           0
         582           7
         583           3
         584           2
         585           3
         586           1
         587           1
         588           3
         589           4
         590           3
         591           3
         592           1
         593           0
         594           2
         595           5
         596           3
         597           3
         598           3
         599           4
         600           3
         601           2
         602           1
         603           6
         604           1
         605           1
         606           7
         607           3
         608           2
         609           0
         610           1
         611           4
         612           7
         613           4
         614           4
         615           0
         616           5
         617           5
         618           1
         619           2
         620           4
         621           1
         622           0
         623           6
         624           4
         625           3
         626           1
         627           1
         628           0
         629           0
         630           3
         631           3
         632           4
         633           2
         634           2
         635           3
         636           3
         637           6
         638           1
         639           1
         640           1
         641           3
         642           2
         643           7
         644           3
         645           4
         646           3
         647           5
         648           2
         649           1
         650           6
         651           1
         652           4
         653           1
         654           2
         655           1
         656           5
         657           3
         658           2
         659           2
         660           1
         661           1
         662           1
         663           4
         664           1
         665           3
         666           1
         667           3
         668           4
         669           5
         670           1
         671           2
         672           7
         673           3
         674           1
         675           2
         676           1
         677           2
         678           1
         679           5
         680           4
         681           1
         682           6
         683           2
         684           4
         685           1
         686           5
         687           4
         688           4
         689           4
         690           0
         691           6
         692           1
         693           1
         694           3
         695           5
         696           3
         697           1
         698           2
         699           3
         700           6
         701           2
         702           2
         703           2
         704           1
         705           1
         706           1
         707           4
         708           1
         709           6
         710           2
         711           2
         712           1
         713           5
         714           2
         715           1
         716           0
         717           4
         718           2
         719           2
         720           1
         721           2
         722           2
         723           3
         724           3
         725           0
         726           2
         727           1
         728           2
         729           2
         730           3
         731           2
         732           1
         733           2
         734           0
         735           3
         736           1
         737           4
         738           5
         739           4
         740           3
         741           2
         742           2
         743           5
         744           1
         745           3
         746           5
         747           5
         748           3
         749           5
         750           0
         751           1
         752           6
         753           1
         754           2
         755           5
         756           1
         757           3
         758           4
         759           4
         760           1
         761           5
         762           4
         763           5
         764           1
         765           1
         766           3
         767           3
         768           3
         769           3
         770           1
         771           4
         772           1
         773           1
         774           3
         775           2
         776           1
         777           3
         778           3
         779           2
         780           1
         781           3
         782           2
         783           4
         784           3
         785           0
         786           1
         787           0
         788           7
         789           6
         790           5
         791           1
         792           3
         793           1
         794           4
         795           1
         796           3
         797           4
         798           3
         799           2
         800           3
         801           3
         802           3
         803           6
         804           5
         805           1
         806           5
         807           2
         808           2
         809           1
         810           6
         811           2
         812           1
         813           3
         814           0
         815           2
         816           3
         817           2
         818           2
         819           2
         820           5
         821           1
         822           1
         823           2
         824           5
         825           3
         826           1
         827           3
         828           3
         829           2
         830           1
         831           3
         832           3
         833           0
         834           2
         835           5
         836           3
         837           6
         838           4
         839           3
         840           1
         841           1
         842           3
         843           4
         844           3
         845           3
         846           3
         847           3
         848           3
         849           2
         850           1
         851           4
         852           2
         853           0
         854           2
         855           5
         856           3
         857           4
         858           4
         859           1
         860           1
         861           5
         862           5
         863           3
         864           1
         865           2
         866           0
         867           5
         868           0
         869           0
         870           5
         871           3
         872           4
         873           6
         874           4
         875           4
         876           5
         877           6
         878           2
         879           4
         880           6
         881           1
         882           3
         883           4
         884           2
         885           6
         886           4
         887           1
         888           0
         889           6
         890           3
         891           4
         892           3
         893           1
         894           0
         895           2
         896           7
         897           0
         898           1
         899           0
         900           1
         901           1
         902           4
         903           1
         904           1
         905           3
         906           4
         907           4
         908           2
         909           5
         910           1
         911           1
         912           0
         913           3
         914           3
         915           1
         916           7
         917           3
         918           3
         919           1
         920           3
         921           1
         922           3
         923           3
         924           3
         925           1
         926           3
         927           3
         928           5
         929           3
         930           3
         931           5
         932           2
         933           0
         934           2
         935           7
         936           1
         937           0
         938           6
         939           3
         940           2
         941           4
         942           2
         943           3
         944           2
         945           1
         946           1
         947           1
         948           4
         949           4
         950           6
         951           1
         952           1
         953           3
         954           2
         955           4
         956           3
         957           4
         958           5
         959           1
         960           1
         961           3
         962           0
         963           3
         964           1
         965           1
         966           1
         967           2
         968           4
         969           4
         970           3
         971           0
         972           7
         973           5
         974           2
         975           2
         976           1
         977           5
         978           2
         979           4
         980           1
         981           1
         982           1
         983           0
         984           1
         985           2
         986           0
         987           3
         988           3
         989           2
