         IDX      CYCLES
           0        4682
           1        4680
           2        4680
           3        4679
           4        4682
           5        4679
           6        4682
           7        4680
           8        4680
           9        4679
          10        4680
          11        4681
          12        4680
          13        4681
          14        4682
          15        4680
          16        4681
          17        4681
          18        4681
          19        4682
          20        4680
          21        4682
          22        4683
          23        4681
          24        4681
          25        4683
          26        4681
          27        4681
          28        4681
          29        4681
          30        4682
          31        4681
          32        4681
          33        4681
          34        4682
          35        4680
          36        4681
          37        4683
          38        4683
          39        4681
          40        4680
          41        4682
          42        4679
          43        4682
          44        4683
          45        4680
          46        4682
          47        4682
          48        4682
          49        4682
          50        4682
          51        4682
          52        4682
          53        4682
          54        4680
          55        4682
          56        4682
          57        4682
          58        4680
          59        4682
          60        4682
          61        4682
          62        4682
          63        4680
          64        4682
          65        4679
          66        4682
          67        4680
          68        4682
          69        4682
          70        4680
          71        4680
          72        4682
          73        4682
          74        4682
          75        4681
          76        4681
          77        4681
          78        4681
          79        4683
          80        4682
          81        4681
          82        4680
          83        4682
          84        4681
          85        4681
          86        4681
          87        4681
          88        4681
          89        4681
          90        4681
          91        4682
          92        4681
          93        4682
          94        4681
          95        4682
          96        4682
          97        4680
          98        4680
          99        4682
         100        4680
         101        4681
         102        4682
         103        4682
         104        4682
         105        4682
         106        4682
         107        4682
         108        4682
         109        4682
         110        4679
         111        4682
         112        4682
         113        4682
         114        4682
         115        4680
         116        4682
         117        4682
         118        4682
         119        4682
         120        4682
         121        4682
         122        4680
         123        4682
         124        4682
         125        4682
         126        4680
         127        4682
         128        4680
         129        4682
         130        4682
         131        4682
         132        4682
         133        4679
         134        4682
         135        4681
         136        4681
         137        4680
         138        4680
         139        4681
         140        4682
         141        4680
         142        4681
         143        4682
         144        4680
         145        4681
         146        4681
         147        4684
         148        4681
         149        4681
         150        4681
         151        4682
         152        4682
         153        4684
         154        4681
         155        4681
         156        4682
         157        4682
         158        4682
         159        4681
         160        4682
         161        4679
         162        4681
         163        4682
         164        4682
         165        4682
         166        4680
         167        4682
         168        4682
         169        4682
         170        4682
         171        4680
         172        4682
         173        4682
         174        4683
         175        4679
         176        4682
         177        4679
         178        4682
         179        4682
         180        4682
         181        4682
         182        4682
         183        4682
         184        4680
         185        4682
         186        4682
         187        4682
         188        4679
         189        4682
         190        4679
         191        4680
         192        4682
         193        4682
         194        4679
         195        4681
         196        4681
         197        4682
         198        4680
         199        4682
         200        4681
         201        4683
         202        4681
         203        4682
         204        4681
         205        4680
         206        4681
         207        4682
         208        4681
         209        4681
         210        4681
         211        4681
         212        4681
         213        4682
         214        4681
         215        4681
         216        4681
         217        4681
         218        4680
         219        4682
         220        4680
         221        4680
         222        4680
         223        4682
         224        4682
         225        4682
         226        4682
         227        4682
         228        4680
         229        4682
         230        4682
         231        4680
         232        4682
         233        4682
         234        4682
         235        4680
         236        4682
         237        4682
         238        4682
         239        4680
         240        4682
         241        4682
         242        4682
         243        4679
         244        4680
         245        4682
         246        4682
         247        4679
         248        4682
         249        4680
         250        4680
         251        4682
         252        4682
         253        4682
         254        4682
         255        4682
         256        4681
         257        4680
         258        4679
         259        4681
         260        4683
         261        4682
         262        4680
         263        4682
         264        4680
         265        4683
         266        4682
         267        4683
         268        4681
         269        4681
         270        4684
         271        4681
         272        4681
         273        4681
         274        4682
         275        4683
         276        4683
         277        4682
         278        4681
         279        4682
         280        4682
         281        4681
         282        4682
         283        4681
         284        4684
         285        4682
         286        4682
         287        4682
         288        4680
         289        4682
         290        4682
         291        4679
         292        4682
         293        4682
         294        4679
         295        4682
         296        4679
         297        4682
         298        4682
         299        4682
         300        4682
         301        4680
         302        4682
         303        4680
         304        4682
         305        4682
         306        4682
         307        4682
         308        4682
         309        4682
         310        4680
         311        4680
         312        4682
         313        4682
         314        4682
         315        4682
         316        4682
         317        4681
         318        4679
         319        4681
         320        4679
         321        4681
         322        4682
         323        4680
         324        4684
         325        4681
         326        4682
         327        4682
         328        4681
         329        4684
         330        4681
         331        4681
         332        4684
         333        4683
         334        4681
         335        4679
         336        4683
         337        4680
         338        4683
         339        4681
         340        4682
         341        4681
         342        4681
         343        4681
         344        4683
         345        4681
         346        4681
         347        4682
         348        4682
         349        4682
         350        4682
         351        4682
         352        4682
         353        4682
         354        4680
         355        4682
         356        4682
         357        4683
         358        4682
         359        4682
         360        4679
         361        4682
         362        4682
         363        4682
         364        4679
         365        4682
         366        4682
         367        4679
         368        4682
         369        4682
         370        4682
         371        4682
         372        4682
         373        4682
         374        4682
         375        4679
         376        4679
         377        4680
         378        4682
         379        4682
         380        4682
         381        4681
         382        4682
         383        4681
         384        4680
         385        4681
         386        4681
         387        4683
         388        4682
         389        4684
         390        4681
         391        4681
         392        4681
         393        4681
         394        4682
         395        4683
         396        4681
         397        4681
         398        4681
         399        4682
         400        4680
         401        4683
         402        4681
         403        4681
         404        4681
         405        4682
         406        4679
         407        4682
         408        4682
         409        4680
         410        4682
         411        4682
         412        4680
         413        4682
         414        4682
         415        4682
         416        4679
         417        4682
         418        4679
         419        4682
         420        4682
         421        4683
         422        4682
         423        4682
         424        4682
         425        4679
         426        4682
         427        4682
         428        4682
         429        4682
         430        4680
         431        4682
         432        4682
         433        4682
         434        4682
         435        4680
         436        4682
         437        4682
         438        4682
         439        4681
         440        4682
         441        4682
         442        4680
         443        4681
         444        4682
         445        4682
         446        4681
         447        4681
         448        4682
         449        4681
         450        4683
         451        4681
         452        4681
         453        4681
         454        4681
         455        4681
         456        4681
         457        4682
         458        4680
         459        4681
         460        4681
         461        4682
         462        4681
         463        4680
         464        4681
         465        4679
         466        4681
         467        4679
         468        4682
         469        4682
         470        4682
         471        4682
         472        4682
         473        4682
         474        4682
         475        4682
         476        4682
         477        4682
         478        4679
         479        4682
         480        4682
         481        4682
         482        4682
         483        4679
         484        4682
         485        4679
         486        4682
         487        4679
         488        4682
         489        4682
         490        4682
         491        4680
         492        4682
         493        4682
         494        4683
         495        4682
         496        4682
         497        4682
         498        4682
         499        4682
         500        4681
         501        4682
         502        4682
         503        4681
         504        4680
         505        4682
         506        4680
         507        4681
         508        4681
         509        4681
         510        4681
         511        4681
         512        4681
         513        4681
         514        4681
         515        4681
         516        4681
         517        4682
         518        4681
         519        4682
         520        4681
         521        4680
         522        4681
         523        4681
         524        4682
         525        4682
         526        4681
         527        4683
         528        4682
         529        4680
         530        4681
         531        4683
         532        4682
         533        4682
         534        4682
         535        4682
         536        4682
         537        4682
         538        4679
         539        4682
         540        4682
         541        4682
         542        4679
         543        4682
         544        4682
         545        4682
         546        4682
         547        4682
         548        4682
         549        4679
         550        4682
         551        4679
         552        4682
         553        4682
         554        4682
         555        4680
         556        4682
         557        4682
         558        4679
         559        4682
         560        4682
         561        4682
         562        4681
         563        4680
         564        4682
         565        4681
         566        4682
         567        4680
         568        4682
         569        4682
         570        4681
         571        4682
         572        4681
         573        4681
         574        4681
         575        4681
         576        4683
         577        4682
         578        4681
         579        4680
         580        4681
         581        4681
         582        4680
         583        4683
         584        4680
         585        4680
         586        4681
         587        4682
         588        4681
         589        4684
         590        4679
         591        4682
         592        4682
         593        4680
         594        4680
         595        4682
         596        4679
         597        4682
         598        4682
         599        4682
         600        4679
         601        4682
         602        4682
         603        4679
         604        4682
         605        4682
         606        4682
         607        4679
         608        4682
         609        4682
         610        4680
         611        4682
         612        4682
         613        4683
         614        4682
         615        4680
         616        4682
         617        4682
         618        4682
         619        4682
         620        4679
         621        4681
         622        4682
         623        4681
         624        4681
         625        4680
         626        4682
         627        4682
         628        4681
         629        4682
         630        4682
         631        4680
         632        4682
         633        4680
         634        4681
         635        4681
         636        4681
         637        4683
         638        4681
         639        4681
         640        4682
         641        4682
         642        4682
         643        4681
         644        4681
         645        4682
         646        4682
         647        4680
         648        4681
         649        4682
         650        4682
         651        4682
         652        4682
         653        4682
         654        4680
         655        4682
         656        4682
         657        4680
         658        4682
         659        4683
         660        4682
         661        4682
         662        4682
         663        4680
         664        4682
         665        4682
         666        4682
         667        4680
         668        4680
         669        4682
         670        4682
         671        4682
         672        4682
         673        4682
         674        4682
         675        4682
         676        4680
         677        4682
         678        4682
         679        4682
         680        4679
         681        4682
         682        4682
         683        4683
         684        4682
         685        4682
         686        4680
         687        4681
         688        4682
         689        4682
         690        4680
         691        4683
         692        4680
         693        4682
         694        4681
         695        4683
         696        4681
         697        4681
         698        4681
         699        4682
         700        4682
         701        4679
         702        4683
         703        4681
         704        4680
         705        4679
         706        4681
         707        4681
         708        4682
         709        4681
         710        4681
         711        4682
         712        4680
         713        4682
         714        4680
         715        4682
         716        4682
         717        4680
         718        4682
         719        4682
         720        4679
         721        4682
         722        4680
         723        4682
         724        4682
         725        4682
         726        4680
         727        4683
         728        4682
         729        4682
         730        4683
         731        4680
         732        4682
         733        4682
         734        4680
         735        4679
         736        4682
         737        4682
         738        4680
         739        4682
         740        4682
         741        4682
         742        4680
         743        4681
         744        4683
         745        4682
         746        4680
         747        4681
         748        4682
         749        4681
         750        4682
         751        4680
         752        4680
         753        4681
         754        4683
         755        4681
         756        4683
         757        4681
         758        4681
         759        4681
         760        4682
         761        4681
         762        4680
         763        4679
         764        4681
         765        4682
         766        4682
         767        4680
         768        4682
         769        4682
         770        4680
         771        4681
         772        4681
         773        4683
         774        4679
         775        4679
         776        4680
         777        4680
         778        4682
         779        4682
         780        4679
         781        4682
         782        4679
         783        4682
         784        4682
         785        4679
         786        4682
         787        4679
         788        4682
         789        4680
         790        4682
         791        4682
         792        4680
         793        4682
         794        4680
         795        4682
         796        4682
         797        4680
         798        4682
         799        4682
         800        4680
         801        4683
         802        4682
         803        4682
         804        4682
         805        4682
         806        4682
         807        4682
         808        4683
         809        4683
         810        4680
         811        4682
         812        4683
         813        4682
         814        4682
         815        4680
         816        4681
         817        4681
         818        4681
         819        4681
         820        4681
         821        4681
         822        4681
         823        4682
         824        4683
         825        4681
         826        4681
         827        4683
         828        4681
         829        4680
         830        4682
         831        4683
         832        4681
         833        4681
         834        4681
         835        4682
         836        4682
         837        4679
         838        4682
         839        4680
         840        4680
         841        4682
         842        4682
         843        4679
         844        4682
         845        4682
         846        4680
         847        4682
         848        4682
         849        4682
         850        4682
         851        4682
         852        4679
         853        4682
         854        4682
         855        4680
         856        4679
         857        4682
         858        4682
         859        4682
         860        4682
         861        4682
         862        4679
         863        4682
         864        4682
         865        4682
         866        4681
         867        4681
         868        4682
         869        4680
         870        4682
         871        4680
         872        4681
         873        4683
         874        4683
         875        4682
         876        4680
         877        4681
         878        4681
         879        4681
         880        4681
         881        4681
         882        4681
         883        4681
         884        4682
         885        4682
         886        4680
         887        4680
         888        4680
         889        4682
         890        4681
         891        4681
         892        4682
         893        4679
         894        4681
         895        4682
         896        4682
         897        4680
         898        4682
         899        4682
         900        4682
         901        4679
         902        4682
         903        4679
         904        4682
         905        4679
         906        4682
         907        4682
         908        4682
         909        4680
         910        4682
         911        4682
         912        4679
         913        4682
         914        4682
         915        4682
         916        4680
         917        4682
         918        4680
         919        4682
         920        4682
         921        4682
         922        4682
         923        4682
         924        4680
         925        4682
         926        4681
         927        4683
         928        4682
         929        4683
         930        4680
         931        4682
         932        4680
         933        4683
         934        4680
         935        4682
         936        4680
         937        4680
         938        4681
         939        4681
         940        4681
         941        4683
         942        4682
         943        4681
         944        4681
         945        4681
         946        4682
         947        4680
         948        4680
         949        4680
         950        4681
         951        4682
         952        4682
         953        4681
         954        4681
         955        4679
         956        4681
         957        4679
         958        4682
         959        4680
         960        4682
         961        4682
         962        4680
         963        4683
         964        4682
         965        4680
         966        4682
         967        4679
         968        4682
         969        4679
         970        4682
         971        4682
         972        4682
         973        4680
         974        4682
         975        4679
         976        4680
         977        4682
         978        4682
         979        4682
         980        4682
         981        4682
         982        4682
         983        4682
         984        4682
         985        4682
         986        4682
         987        4682
         988        4681
         989        4681
