         IDX      CYCLES
           0       13557
           1       13563
           2       13438
           3       13513
           4       13613
           5       13569
           6       13518
           7       13507
           8       13532
           9       13497
          10       13518
          11       13528
          12       13558
          13       13554
          14       13577
          15       13572
          16       13571
          17       13575
          18       13578
          19       13563
          20       13581
          21       13558
          22       13553
          23       13577
          24       13614
          25       13540
          26       13547
          27       13548
          28       13540
          29       13580
          30       13571
          31       13545
          32       13547
          33       13614
          34       13579
          35       13561
          36       13629
          37       13553
          38       13586
          39       13547
          40       13533
          41       13570
          42       13546
          43       13514
          44       13584
          45       13570
          46       13580
          47       13526
          48       13524
          49       13553
          50       13547
          51       13544
          52       13609
          53       13494
          54       13512
          55       13613
          56       13602
          57       13564
          58       13512
          59       13614
          60       13557
          61       13517
          62       13581
          63       13551
          64       13585
          65       13536
          66       13519
          67       13580
          68       13596
          69       13631
          70       13598
          71       13563
          72       13527
          73       13625
          74       13566
          75       13583
          76       13555
          77       13527
          78       13574
          79       13552
          80       13535
          81       13514
          82       13539
          83       13584
          84       13553
          85       13528
          86       13518
          87       13548
          88       13560
          89       13569
          90       13542
          91       13520
          92       13557
          93       13567
          94       13566
          95       13604
          96       13530
          97       13603
          98       13576
          99       13558
         100       13511
         101       13499
         102       13547
         103       13570
         104       13498
         105       13586
         106       13552
         107       13532
         108       13536
         109       13510
         110       13519
         111       13576
         112       13579
         113       13561
         114       13523
         115       13498
         116       13581
         117       13538
         118       13545
         119       13522
         120       13548
         121       13540
         122       13506
         123       13553
         124       13606
         125       13503
         126       13580
         127       13558
         128       13588
         129       13540
         130       13528
         131       13456
         132       13582
         133       13568
         134       13469
         135       13556
         136       13540
         137       13500
         138       13517
         139       13498
         140       13539
         141       13582
         142       13483
         143       13584
         144       13543
         145       13527
         146       13526
         147       13581
         148       13530
         149       13515
         150       13551
         151       13556
         152       13577
         153       13551
         154       13602
         155       13562
         156       13596
         157       13568
         158       13531
         159       13484
         160       13577
         161       13533
         162       13580
         163       13582
         164       13573
         165       13468
         166       13556
         167       13587
         168       13617
         169       13538
         170       13558
         171       13607
         172       13611
         173       13521
         174       13558
         175       13531
         176       13529
         177       13539
         178       13538
         179       13503
         180       13554
         181       13561
         182       13467
         183       13630
         184       13580
         185       13540
         186       13545
         187       13565
         188       13578
         189       13622
         190       13507
         191       13587
         192       13586
         193       13515
         194       13492
         195       13480
         196       13544
         197       13552
         198       13517
         199       13530
         200       13538
         201       13559
         202       13546
         203       13541
         204       13528
         205       13590
         206       13580
         207       13530
         208       13540
         209       13562
         210       13519
         211       13546
         212       13535
         213       13493
         214       13596
         215       13535
         216       13591
         217       13536
         218       13545
         219       13575
         220       13530
         221       13565
         222       13551
         223       13589
         224       13532
         225       13548
         226       13515
         227       13562
         228       13543
         229       13564
         230       13584
         231       13575
         232       13619
         233       13564
         234       13515
         235       13596
         236       13573
         237       13595
         238       13603
         239       13610
         240       13531
         241       13518
         242       13496
         243       13482
         244       13575
         245       13614
         246       13572
         247       13541
         248       13575
         249       13612
         250       13504
         251       13535
         252       13577
         253       13547
         254       13602
         255       13514
         256       13557
         257       13561
         258       13575
         259       13599
         260       13567
         261       13531
         262       13512
         263       13517
         264       13534
         265       13502
         266       13547
         267       13576
         268       13569
         269       13533
         270       13596
         271       13563
         272       13559
         273       13551
         274       13566
         275       13536
         276       13573
         277       13600
         278       13576
         279       13612
         280       13546
         281       13555
         282       13521
         283       13542
         284       13559
         285       13617
         286       13566
         287       13529
         288       13580
         289       13513
         290       13507
         291       13560
         292       13518
         293       13566
         294       13544
         295       13526
         296       13561
         297       13631
         298       13519
         299       13539
         300       13559
         301       13509
         302       13524
         303       13512
         304       13575
         305       13524
         306       13546
         307       13558
         308       13545
         309       13552
         310       13576
         311       13533
         312       13559
         313       13586
         314       13561
         315       13449
         316       13512
         317       13494
         318       13562
         319       13529
         320       13544
         321       13559
         322       13526
         323       13535
         324       13570
         325       13530
         326       13558
         327       13569
         328       13561
         329       13545
         330       13560
         331       13527
         332       13515
         333       13553
         334       13582
         335       13572
         336       13523
         337       13547
         338       13540
         339       13529
         340       13532
         341       13549
         342       13528
         343       13576
         344       13568
         345       13547
         346       13607
         347       13572
         348       13609
         349       13560
         350       13587
         351       13549
         352       13544
         353       13556
         354       13631
         355       13542
         356       13576
         357       13530
         358       13603
         359       13573
         360       13573
         361       13557
         362       13544
         363       13634
         364       13591
         365       13552
         366       13554
         367       13524
         368       13535
         369       13513
         370       13588
         371       13525
         372       13609
         373       13556
         374       13494
         375       13544
         376       13553
         377       13547
         378       13513
         379       13560
         380       13537
         381       13536
         382       13570
         383       13584
         384       13542
         385       13613
         386       13543
         387       13540
         388       13526
         389       13547
         390       13523
         391       13550
         392       13522
         393       13637
         394       13587
         395       13521
         396       13563
         397       13563
         398       13641
         399       13609
         400       13601
         401       13493
         402       13526
         403       13527
         404       13609
         405       13519
         406       13566
         407       13529
         408       13503
         409       13599
         410       13538
         411       13504
         412       13578
         413       13615
         414       13527
         415       13563
         416       13580
         417       13606
         418       13547
         419       13609
         420       13653
         421       13572
         422       13611
         423       13556
         424       13522
         425       13540
         426       13579
         427       13562
         428       13528
         429       13573
         430       13547
         431       13588
         432       13561
         433       13499
         434       13629
         435       13571
         436       13560
         437       13514
         438       13611
         439       13583
         440       13543
         441       13573
         442       13586
         443       13593
         444       13521
         445       13614
         446       13502
         447       13593
         448       13512
         449       13580
         450       13586
         451       13535
         452       13527
         453       13536
         454       13517
         455       13557
         456       13552
         457       13587
         458       13604
         459       13541
         460       13509
         461       13537
         462       13546
         463       13659
         464       13574
         465       13547
         466       13542
         467       13582
         468       13575
         469       13549
         470       13562
         471       13547
         472       13517
         473       13477
         474       13604
         475       13570
         476       13563
         477       13571
         478       13560
         479       13521
         480       13546
         481       13524
         482       13574
         483       13474
         484       13542
         485       13515
         486       13586
         487       13531
         488       13530
         489       13550
         490       13577
         491       13525
         492       13461
         493       13549
         494       13505
         495       13603
         496       13578
         497       13590
         498       13516
         499       13570
         500       13562
         501       13638
         502       13549
         503       13507
         504       13565
         505       13585
         506       13519
         507       13552
         508       13547
         509       13552
         510       13520
         511       13556
         512       13633
         513       13549
         514       13555
         515       13554
         516       13534
         517       13498
         518       13566
         519       13572
         520       13542
         521       13598
         522       13577
         523       13523
         524       13616
         525       13538
         526       13553
         527       13551
         528       13499
         529       13532
         530       13639
         531       13551
         532       13566
         533       13570
         534       13594
         535       13546
         536       13562
         537       13632
         538       13558
         539       13560
         540       13550
         541       13503
         542       13575
         543       13552
         544       13603
         545       13576
         546       13533
         547       13545
         548       13578
         549       13532
         550       13586
         551       13527
         552       13557
         553       13506
         554       13540
         555       13565
         556       13564
         557       13551
         558       13559
         559       13547
         560       13556
         561       13510
         562       13542
         563       13596
         564       13598
         565       13569
         566       13590
         567       13595
         568       13505
         569       13637
         570       13568
         571       13633
         572       13646
         573       13525
         574       13544
         575       13565
         576       13564
         577       13577
         578       13586
         579       13572
         580       13549
         581       13535
         582       13550
         583       13533
         584       13541
         585       13586
         586       13585
         587       13548
         588       13549
         589       13565
         590       13575
         591       13572
         592       13553
         593       13590
         594       13651
         595       13535
         596       13555
         597       13545
         598       13545
         599       13508
         600       13593
         601       13630
         602       13550
         603       13571
         604       13536
         605       13557
         606       13579
         607       13546
         608       13529
         609       13556
         610       13596
         611       13563
         612       13571
         613       13476
         614       13588
         615       13520
         616       13557
         617       13513
         618       13602
         619       13553
         620       13591
         621       13532
         622       13562
         623       13491
         624       13527
         625       13543
         626       13553
         627       13564
         628       13545
         629       13574
         630       13525
         631       13596
         632       13595
         633       13495
         634       13550
         635       13552
         636       13581
         637       13529
         638       13562
         639       13585
         640       13522
         641       13543
         642       13547
         643       13574
         644       13569
         645       13596
         646       13574
         647       13556
         648       13562
         649       13546
         650       13554
         651       13574
         652       13528
         653       13483
         654       13571
         655       13535
         656       13505
         657       13543
         658       13507
         659       13624
         660       13579
         661       13537
         662       13599
         663       13484
         664       13577
         665       13516
         666       13605
         667       13509
         668       13507
         669       13566
         670       13501
         671       13549
         672       13532
         673       13556
         674       13547
         675       13506
         676       13541
         677       13535
         678       13639
         679       13554
         680       13570
         681       13629
         682       13542
         683       13556
         684       13587
         685       13533
         686       13525
         687       13541
         688       13504
         689       13588
         690       13576
         691       13508
         692       13522
         693       13600
         694       13613
         695       13601
         696       13580
         697       13589
         698       13585
         699       13533
         700       13547
         701       13576
         702       13451
         703       13546
         704       13532
         705       13492
         706       13573
         707       13548
         708       13561
         709       13587
         710       13504
         711       13589
         712       13546
         713       13533
         714       13483
         715       13530
         716       13577
         717       13566
         718       13577
         719       13558
         720       13564
         721       13544
         722       13581
         723       13618
         724       13560
         725       13540
         726       13529
         727       13547
         728       13521
         729       13539
         730       13525
         731       13585
         732       13588
         733       13518
         734       13537
         735       13557
         736       13545
         737       13588
         738       13512
         739       13609
         740       13540
         741       13578
         742       13522
         743       13530
         744       13603
         745       13541
         746       13578
         747       13643
         748       13506
         749       13601
         750       13560
         751       13530
         752       13583
         753       13535
         754       13571
         755       13597
         756       13557
         757       13578
         758       13568
         759       13566
         760       13532
         761       13568
         762       13580
         763       13558
         764       13557
         765       13573
         766       13594
         767       13537
         768       13577
         769       13503
         770       13560
         771       13551
         772       13501
         773       13569
         774       13464
         775       13483
         776       13583
         777       13537
         778       13572
         779       13553
         780       13530
         781       13540
         782       13603
         783       13556
         784       13521
         785       13584
         786       13482
         787       13571
         788       13569
         789       13578
         790       13589
         791       13538
         792       13568
         793       13611
         794       13561
         795       13582
         796       13549
         797       13550
         798       13544
         799       13492
         800       13580
         801       13510
         802       13554
         803       13498
         804       13552
         805       13596
         806       13503
         807       13552
         808       13572
         809       13566
         810       13507
         811       13529
         812       13513
         813       13648
         814       13520
         815       13513
         816       13574
         817       13541
         818       13560
         819       13527
         820       13517
         821       13642
         822       13584
         823       13527
         824       13558
         825       13568
         826       13508
         827       13560
         828       13570
         829       13516
         830       13544
         831       13617
         832       13563
         833       13537
         834       13582
         835       13546
         836       13565
         837       13497
         838       13478
         839       13533
         840       13594
         841       13554
         842       13486
         843       13575
         844       13553
         845       13514
         846       13582
         847       13513
         848       13494
         849       13582
         850       13562
         851       13592
         852       13557
         853       13559
         854       13552
         855       13553
         856       13524
         857       13582
         858       13570
         859       13555
         860       13539
         861       13580
         862       13551
         863       13535
         864       13573
         865       13496
         866       13535
         867       13551
         868       13569
         869       13534
         870       13554
         871       13600
         872       13558
         873       13579
         874       13504
         875       13544
         876       13580
         877       13532
         878       13614
         879       13528
         880       13581
         881       13560
         882       13627
         883       13532
         884       13545
         885       13541
         886       13564
         887       13557
         888       13540
         889       13528
         890       13573
         891       13608
         892       13538
         893       13580
         894       13576
         895       13539
         896       13571
         897       13552
         898       13587
         899       13594
         900       13543
         901       13539
         902       13598
         903       13546
         904       13558
         905       13573
         906       13510
         907       13554
         908       13569
         909       13559
         910       13520
         911       13514
         912       13543
         913       13570
         914       13510
         915       13545
         916       13576
         917       13547
         918       13618
         919       13568
         920       13528
         921       13503
         922       13546
         923       13568
         924       13534
         925       13512
         926       13563
         927       13547
         928       13496
         929       13597
         930       13593
         931       13539
         932       13581
         933       13554
         934       13567
         935       13625
         936       13584
         937       13493
         938       13617
         939       13524
         940       13557
         941       13523
         942       13548
         943       13548
         944       13553
         945       13571
         946       13486
         947       13579
         948       13541
         949       13605
         950       13532
         951       13600
         952       13584
         953       13558
         954       13521
         955       13498
         956       13566
         957       13565
         958       13535
         959       13536
         960       13490
         961       13537
         962       13521
         963       13590
         964       13495
         965       13571
         966       13551
         967       13549
         968       13593
         969       13560
         970       13605
         971       13513
         972       13534
         973       13580
         974       13638
         975       13590
         976       13566
         977       13583
         978       13522
         979       13542
         980       13569
         981       13577
         982       13515
         983       13561
         984       13453
         985       13514
         986       13544
         987       13559
         988       13501
         989       13531
