         IDX  CYCLES_DEG
           0    2.619506
           1    2.627677
           2    2.592586
           3    2.691451
           4    2.665735
           5    2.658037
           6    2.589533
           7    2.656876
           8    2.642083
           9    2.579040
          10    2.652619
          11    2.651888
          12    2.602477
          13    2.616797
          14    2.587641
          15    2.690290
          16    2.680571
          17    2.692569
          18    2.739400
          19    2.647372
          20    2.577363
          21    2.587512
          22    2.674766
          23    2.586523
          24    2.621441
          25    2.644706
          26    2.622904
          27    2.661349
          28    2.673390
          29    2.668659
          30    2.585620
          31    2.594564
          32    2.736819
          33    2.672013
          34    2.656274
          35    2.588329
          36    2.633095
          37    2.704309
          38    2.696138
          39    2.659284
          40    2.616883
          41    2.612927
          42    2.659628
          43    2.618388
          44    2.692397
          45    2.596414
          46    2.713469
          47    2.642685
          48    2.606347
          49    2.577320
          50    2.644018
          51    2.695063
          52    2.697772
          53    2.586222
          54    2.569364
          55    2.598435
          56    2.651587
          57    2.569149
          58    2.576847
          59    2.642685
          60    2.604412
          61    2.611766
          62    2.603552
          63    2.680442
          64    2.584846
          65    2.602520
          66    2.577277
          67    2.675970
          68    2.585233
          69    2.595768
          70    2.584029
          71    2.564204
          72    2.778791
          73    2.583556
          74    2.638944
          75    2.655801
          76    2.647114
          77    2.664445
          78    2.660575
          79    2.642685
          80    2.626043
          81    2.569278
          82    2.575772
          83    2.575471
          84    2.675325
          85    2.689172
          86    2.566096
          87    2.660575
          88    2.724348
          89    2.567773
          90    2.767438
          91    2.629483
          92    2.612497
          93    2.582007
          94    2.687710
          95    2.651329
          96    2.561108
          97    2.651028
          98    2.645738
          99    2.630472
         100    2.625656
         101    2.560764
         102    2.623893
         103    2.629225
         104    2.700138
         105    2.612368
         106    2.557151
         107    2.606175
         108    2.624796
         109    2.588931
         110    2.708351
         111    2.552507
         112    2.646856
         113    2.686076
         114    2.644147
         115    2.674637
         116    2.547089
         117    2.588544
         118    2.598693
         119    2.617098
         120    2.599553
         121    2.593231
         122    2.668358
         123    2.587211
         124    2.598134
         125    2.693945
         126    2.682850
         127    2.640965
         128    2.656618
         129    2.593102
         130    2.630085
         131    2.645179
         132    2.590307
         133    2.611164
         134    2.575385
         135    2.578868
         136    2.635547
         137    2.575084
         138    2.626817
         139    2.620323
         140    2.696353
         141    2.624839
         142    2.626215
         143    2.657048
         144    2.633439
         145    2.619893
         146    2.629053
         147    2.551260
         148    2.616367
         149    2.699493
         150    2.561366
         151    2.617786
         152    2.574955
         153    2.633740
         154    2.651974
         155    2.691150
         156    2.661349
         157    2.653307
         158    2.679195
         159    2.587469
         160    2.656446
         161    2.604154
         162    2.642556
         163    2.681904
         164    2.587340
         165    2.600886
         166    2.587254
         167    2.596242
         168    2.594908
         169    2.694891
         170    2.583771
         171    2.635633
         172    2.644104
         173    2.658209
         174    2.681087
         175    2.694633
         176    2.576589
         177    2.604713
         178    2.627763
         179    2.621915
         180    2.626731
         181    2.701858
         182    2.668960
         183    2.706287
         184    2.589232
         185    2.696826
         186    2.683925
         187    2.652791
         188    2.682162
         189    2.568805
         190    2.560162
         191    2.593274
         192    2.695407
         193    2.686506
         194    2.668831
         195    2.580631
         196    2.654468
         197    2.632579
         198    2.639460
         199    2.628494
         200    2.594822
         201    2.613701
         202    2.646942
         203    2.572719
         204    2.676357
         205    2.783005
         206    2.587899
         207    2.645824
         208    2.588802
         209    2.616238
         210    2.598994
         211    2.650942
         212    2.699880
         213    2.760858
         214    2.752215
         215    2.679453
         216    2.615808
         217    2.605530
         218    2.661263
         219    2.640793
         220    2.546229
         221    2.582867
         222    2.651157
         223    2.676142
         224    2.615980
         225    2.592414
         226    2.651243
         227    2.701686
         228    2.648061
         229    2.648577
         230    2.647631
         231    2.692698
         232    2.669863
         233    2.663069
         234    2.712652
         235    2.698331
         236    2.631375
         237    2.520470
         238    2.632794
         239    2.657478
         240    2.607422
         241    2.637525
         242    2.551604
         243    2.715791
         244    2.644534
         245    2.606519
         246    2.659327
         247    2.590780
         248    2.745076
         249    2.594091
         250    2.648921
         251    2.684871
         252    2.694719
         253    2.708738
         254    2.627290
         255    2.603208
         256    2.661607
         257    2.643115
         258    2.620753
         259    2.612798
         260    2.654812
         261    2.741636
         262    2.668315
         263    2.568031
         264    2.595553
         265    2.637611
         266    2.714329
         267    2.713340
         268    2.580029
         269    2.566354
         270    2.648276
         271    2.598865
         272    2.657779
         273    2.536295
         274    2.745764
         275    2.700998
         276    2.525501
         277    2.602778
         278    2.749634
         279    2.622302
         280    2.579771
         281    2.598822
         282    2.568117
         283    2.661779
         284    2.693902
         285    2.687409
         286    2.575643
         287    2.696826
         288    2.589791
         289    2.599639
         290    2.683839
         291    2.693601
         292    2.580803
         293    2.675841
         294    2.596026
         295    2.579599
         296    2.712222
         297    2.599983
         298    2.718242
         299    2.621140
         300    2.608454
         301    2.699407
         302    2.679453
         303    2.682162
         304    2.595209
         305    2.627935
         306    2.658639
         307    2.647717
         308    2.655844
         309    2.690806
         310    2.566053
         311    2.642126
         312    2.673648
         313    2.574998
         314    2.673476
         315    2.588630
         316    2.694891
         317    2.682291
         318    2.715232
         319    2.567042
         320    2.591683
         321    2.680184
         322    2.616453
         323    2.743528
         324    2.692182
         325    2.672916
         326    2.629612
         327    2.693859
         328    2.582953
         329    2.563387
         330    2.579728
         331    2.623334
         332    2.608583
         333    2.611723
         334    2.662166
         335    2.627333
         336    2.611766
         337    2.595553
         338    2.578653
         339    2.558571
         340    2.583814
         341    2.573450
         342    2.632622
         343    2.721854
         344    2.591081
         345    2.576374
         346    2.577062
         347    2.671497
         348    2.652705
         349    2.583857
         350    2.609315
         351    2.705083
         352    2.630644
         353    2.689172
         354    2.635461
         355    2.652920
         356    2.573966
         357    2.757074
         358    2.612669
         359    2.585663
         360    2.579169
         361    2.595295
         362    2.642470
         363    2.590178
         364    2.680700
         365    2.645953
         366    2.662725
         367    2.673347
         368    2.601488
         369    2.576546
         370    2.612583
         371    2.566870
         372    2.641395
         373    2.643072
         374    2.700009
         375    2.608669
         376    2.587211
         377    2.750022
         378    2.646426
         379    2.658467
         380    2.695966
         381    2.613056
         382    2.680141
         383    2.574052
         384    2.606476
         385    2.675669
         386    2.619420
         387    2.625527
         388    2.679840
         389    2.585319
         390    2.687882
         391    2.583470
         392    2.643373
         393    2.650598
         394    2.576890
         395    2.620624
         396    2.627849
         397    2.639675
         398    2.685344
         399    2.669261
         400    2.568977
         401    2.544207
         402    2.563817
         403    2.694547
         404    2.596242
         405    2.642728
         406    2.654769
         407    2.586222
         408    2.599080
         409    2.756257
         410    2.644276
         411    2.598048
         412    2.613744
         413    2.730670
         414    2.571128
         415    2.620581
         416    2.651157
         417    2.583039
         418    2.579040
         419    2.682291
         420    2.726628
         421    2.633568
         422    2.649136
         423    2.595596
         424    2.620022
         425    2.677389
         426    2.615894
         427    2.617055
         428    2.608712
         429    2.636880
         430    2.670035
         431    2.609917
         432    2.685172
         433    2.588501
         434    2.644405
         435    2.614733
         436    2.724004
         437    2.674637
         438    2.583125
         439    2.644319
         440    2.564204
         441    2.618861
         442    2.659284
         443    2.678550
         444    2.687710
         445    2.566311
         446    2.721467
         447    2.626989
         448    2.596414
         449    2.678593
         450    2.690290
         451    2.673390
         452    2.613142
         453    2.749763
         454    2.708222
         455    2.666251
         456    2.673261
         457    2.592844
         458    2.529027
         459    2.808506
         460    2.636106
         461    2.666122
         462    2.684656
         463    2.669175
         464    2.631805
         465    2.603423
         466    2.587254
         467    2.571730
         468    2.661650
         469    2.692999
         470    2.607766
         471    2.583297
         472    2.657478
         473    2.643373
         474    2.718457
         475    2.605573
         476    2.694332
         477    2.611035
         478    2.676056
         479    2.646211
         480    2.552593
         481    2.657005
         482    2.543304
         483    2.573407
         484    2.631719
         485    2.659886
         486    2.690204
         487    2.604240
         488    2.562312
         489    2.543992
         490    2.626129
         491    2.606089
         492    2.606519
         493    2.569966
         494    2.714071
         495    2.648405
         496    2.640793
         497    2.584115
         498    2.560850
         499    2.628924
         500    2.621011
         501    2.672357
         502    2.624753
         503    2.687538
         504    2.596629
         505    2.668272
         506    2.657822
         507    2.565107
         508    2.747914
         509    2.650125
         510    2.687323
         511    2.583771
         512    2.562914
         513    2.657435
         514    2.611680
         515    2.654726
         516    2.614819
         517    2.692569
         518    2.628193
         519    2.575084
         520    2.576761
         521    2.665434
         522    2.678765
         523    2.619506
         524    2.650211
         525    2.594607
         526    2.569837
         527    2.590350
         528    2.562312
         529    2.666423
         530    2.648491
         531    2.652146
         532    2.591210
         533    2.645523
         534    2.667283
         535    2.673218
         536    2.622474
         537    2.705857
         538    2.572461
         539    2.598650
         540    2.645867
         541    2.610304
         542    2.626559
         543    2.642298
         544    2.594048
         545    2.619076
         546    2.671540
         547    2.593618
         548    2.600757
         549    2.681087
         550    2.650168
         551    2.575772
         552    2.608067
         553    2.588286
         554    2.659413
         555    2.606261
         556    2.630859
         557    2.665649
         558    2.610476
         559    2.673691
         560    2.615894
         561    2.601230
         562    2.547347
         563    2.575127
         564    2.567128
         565    2.580158
         566    2.609745
         567    2.623592
         568    2.688183
         569    2.583384
         570    2.588200
         571    2.588587
         572    2.700181
         573    2.600800
         574    2.665520
         575    2.643846
         576    2.674336
         577    2.573751
         578    2.581706
         579    2.581147
         580    2.657306
         581    2.651415
         582    2.654167
         583    2.564419
         584    2.703535
         585    2.618990
         586    2.586652
         587    2.617313
         588    2.584072
         589    2.663155
         590    2.542444
         591    2.590049
         592    2.627333
         593    2.675884
         594    2.645480
         595    2.642341
         596    2.628236
         597    2.555904
         598    2.630515
         599    2.630515
         600    2.669347
         601    2.660403
         602    2.689559
         603    2.683065
         604    2.597747
         605    2.663714
         606    2.669949
         607    2.682248
         608    2.713598
         609    2.657392
         610    2.632966
         611    2.667584
         612    2.669992
         613    2.549841
         614    2.596328
         615    2.656575
         616    2.608454
         617    2.675067
         618    2.563903
         619    2.638686
         620    2.666337
         621    2.541756
         622    2.590178
         623    2.630859
         624    2.660230
         625    2.593532
         626    2.614174
         627    2.643717
         628    2.601961
         629    2.631805
         630    2.705599
         631    2.594306
         632    2.669992
         633    2.704008
         634    2.698417
         635    2.557840
         636    2.596715
         637    2.707749
         638    2.660532
         639    2.667240
         640    2.600843
         641    2.667455
         642    2.633310
         643    2.641094
         644    2.714587
         645    2.617700
         646    2.605917
         647    2.742152
         648    2.702847
         649    2.573923
         650    2.548766
         651    2.660403
         652    2.652705
         653    2.596112
         654    2.610906
         655    2.605143
         656    2.643674
         657    2.581577
         658    2.569880
         659    2.623377
         660    2.579298
         661    2.573665
         662    2.621699
         663    2.596629
         664    2.578481
         665    2.577191
         666    2.569708
         667    2.631203
         668    2.594564
         669    2.600671
         670    2.565107
         671    2.572203
         672    2.572719
         673    2.589275
         674    2.593661
         675    2.640664
         676    2.668315
         677    2.560850
         678    2.735959
         679    2.595381
         680    2.565623
         681    2.688097
         682    2.601832
         683    2.635160
         684    2.583943
         685    2.659456
         686    2.651415
         687    2.578782
         688    2.570655
         689    2.676013
         690    2.658209
         691    2.668616
         692    2.643760
         693    2.575729
         694    2.668745
         695    2.636278
         696    2.679023
         697    2.629612
         698    2.673562
         699    2.676142
         700    2.602090
         701    2.581921
         702    2.595596
         703    2.585147
         704    2.653995
         705    2.714673
         706    2.615894
         707    2.712910
         708    2.674895
         709    2.583384
         710    2.682334
         711    2.600155
         712    2.683280
         713    2.647415
         714    2.652490
         715    2.655156
         716    2.559646
         717    2.553324
         718    2.587125
         719    2.555517
         720    2.662252
         721    2.583900
         722    2.598134
         723    2.588028
         724    2.674078
         725    2.634687
         726    2.581233
         727    2.727531
         728    2.591941
         729    2.613744
         730    2.677088
         731    2.719360
         732    2.652189
         733    2.638170
         734    2.596156
         735    2.637138
         736    2.609401
         737    2.608970
         738    2.645222
         739    2.666853
         740    2.622001
         741    2.577535
         742    2.609788
         743    2.761546
         744    2.650211
         745    2.664488
         746    2.550228
         747    2.623377
         748    2.575686
         749    2.670078
         750    2.643588
         751    2.579255
         752    2.651544
         753    2.662080
         754    2.692225
         755    2.670508
         756    2.679582
         757    2.614303
         758    2.640363
         759    2.674164
         760    2.723187
         761    2.696912
         762    2.654210
         763    2.571085
         764    2.700310
         765    2.575729
         766    2.665735
         767    2.581362
         768    2.571859
         769    2.652404
         770    2.590006
         771    2.558485
         772    2.593274
         773    2.573149
         774    2.591511
         775    2.681904
         776    2.611035
         777    2.654941
         778    2.566397
         779    2.603638
         780    2.702288
         781    2.580889
         782    2.757031
         783    2.565795
         784    2.687796
         785    2.670250
         786    2.623334
         787    2.592285
         788    2.576073
         789    2.664316
         790    2.585534
         791    2.692397
         792    2.579126
         793    2.684871
         794    2.605143
         795    2.648964
         796    2.676099
         797    2.641524
         798    2.763181
         799    2.642556
         800    2.641395
         801    2.703320
         802    2.642298
         803    2.708351
         804    2.586437
         805    2.567472
         806    2.580631
         807    2.609487
         808    2.646297
         809    2.544422
         810    2.586437
         811    2.659714
         812    2.725338
         813    2.673347
         814    2.626000
         815    2.665821
         816    2.589791
         817    2.612067
         818    2.583384
         819    2.560377
         820    2.588630
         821    2.579599
         822    2.613185
         823    2.728391
         824    2.724305
         825    2.653737
         826    2.579943
         827    2.635461
         828    2.664789
         829    2.574181
         830    2.574955
         831    2.657822
         832    2.691064
         833    2.623162
         834    2.563688
         835    2.673519
         836    2.584115
         837    2.603208
         838    2.608454
         839    2.651028
         840    2.702460
         841    2.597575
         842    2.686807
         843    2.654339
         844    2.625054
         845    2.584459
         846    2.597876
         847    2.752387
         848    2.685129
         849    2.674551
         850    2.572547
         851    2.657392
         852    2.587469
         853    2.594822
         854    2.669433
         855    2.670121
         856    2.696955
         857    2.665090
         858    2.592371
         859    2.593747
         860    2.684828
         861    2.588759
         862    2.655672
         863    2.594822
         864    2.633697
         865    2.661349
         866    2.580932
         867    2.579126
         868    2.673906
         869    2.612712
         870    2.600241
         871    2.668057
         872    2.662252
         873    2.645523
         874    2.610390
         875    2.783091
         876    2.672959
         877    2.614346
         878    2.645179
         879    2.629354
         880    2.569192
         881    2.669218
         882    2.576632
         883    2.593919
         884    2.552937
         885    2.560420
         886    2.635633
         887    2.639847
         888    2.606992
         889    2.596285
         890    2.611508
         891    2.651802
         892    2.601058
         893    2.624581
         894    2.684742
         895    2.593962
         896    2.597962
         897    2.687409
         898    2.651759
         899    2.629182
         900    2.649437
         901    2.656919
         902    2.568332
         903    2.650770
         904    2.673132
         905    2.640492
         906    2.580889
         907    2.655715
         908    2.719274
         909    2.585792
         910    2.731272
         911    2.676013
         912    2.633396
         913    2.684914
         914    2.648921
         915    2.602692
         916    2.553754
         917    2.591511
         918    2.668960
         919    2.746753
         920    2.624194
         921    2.681302
         922    2.583685
         923    2.600198
         924    2.590178
         925    2.670293
         926    2.641782
         927    2.566569
         928    2.566741
         929    2.638428
         930    2.737293
         931    2.570526
         932    2.630644
         933    2.677045
         934    2.557194
         935    2.642126
         936    2.580674
         937    2.610261
         938    2.577320
         939    2.581319
         940    2.582093
         941    2.608325
         942    2.567472
         943    2.661779
         944    2.650856
         945    2.564849
         946    2.682635
         947    2.650641
         948    2.691752
         949    2.662252
         950    2.585620
         951    2.668702
         952    2.704653
         953    2.607723
         954    2.740131
         955    2.576546
         956    2.625484
         957    2.662940
         958    2.607250
         959    2.650727
         960    2.607379
         961    2.565537
         962    2.684871
         963    2.573751
         964    2.725983
         965    2.631117
         966    2.589576
         967    2.713985
         968    2.605014
         969    2.646082
         970    2.659155
         971    2.590694
         972    2.537929
         973    2.752817
         974    2.631332
         975    2.567300
         976    2.656446
         977    2.657048
         978    2.625656
         979    2.674379
         980    2.578868
         981    2.598177
         982    2.605444
         983    2.609014
         984    2.649136
         985    2.664273
         986    2.617313
         987    2.631332
         988    2.661134
         989    2.752559
