         IDX L1D-REFILLS
           0        3667
           1        3667
           2        3546
           3        3713
           4        3671
           5        3662
           6        3541
           7        3667
           8        3623
           9        3543
          10        3615
          11        3674
          12        3615
          13        3597
          14        3552
          15        3667
          16        3666
          17        3665
          18        3738
          19        3612
          20        3539
          21        3540
          22        3662
          23        3538
          24        3611
          25        3662
          26        3615
          27        3667
          28        3673
          29        3666
          30        3540
          31        3595
          32        3722
          33        3674
          34        3667
          35        3543
          36        3667
          37        3716
          38        3717
          39        3667
          40        3619
          41        3539
          42        3666
          43        3587
          44        3665
          45        3543
          46        3714
          47        3541
          48        3611
          49        3540
          50        3617
          51        3667
          52        3737
          53        3546
          54        3546
          55        3541
          56        3663
          57        3542
          58        3543
          59        3665
          60        3545
          61        3544
          62        3546
          63        3676
          64        3539
          65        3543
          66        3545
          67        3666
          68        3541
          69        3543
          70        3536
          71        3552
          72        3783
          73        3547
          74        3588
          75        3644
          76        3666
          77        3666
          78        3673
          79        3665
          80        3591
          81        3549
          82        3543
          83        3541
          84        3656
          85        3670
          86        3544
          87        3685
          88        3744
          89        3538
          90        3793
          91        3610
          92        3548
          93        3540
          94        3664
          95        3663
          96        3543
          97        3667
          98        3664
          99        3615
         100        3669
         101        3545
         102        3671
         103        3674
         104        3667
         105        3607
         106        3477
         107        3569
         108        3615
         109        3561
         110        3732
         111        3550
         112        3593
         113        3666
         114        3622
         115        3666
         116        3556
         117        3555
         118        3547
         119        3555
         120        3547
         121        3536
         122        3664
         123        3541
         124        3544
         125        3670
         126        3666
         127        3665
         128        3659
         129        3540
         130        3624
         131        3665
         132        3543
         133        3596
         134        3544
         135        3539
         136        3613
         137        3545
         138        3612
         139        3612
         140        3690
         141        3620
         142        3622
         143        3669
         144        3591
         145        3615
         146        3615
         147        3544
         148        3615
         149        3742
         150        3545
         151        3614
         152        3544
         153        3614
         154        3661
         155        3686
         156        3664
         157        3665
         158        3665
         159        3547
         160        3666
         161        3599
         162        3617
         163        3665
         164        3547
         165        3549
         166        3539
         167        3553
         168        3537
         169        3660
         170        3536
         171        3616
         172        3616
         173        3666
         174        3738
         175        3667
         176        3543
         177        3546
         178        3611
         179        3616
         180        3685
         181        3667
         182        3665
         183        3665
         184        3543
         185        3671
         186        3661
         187        3671
         188        3690
         189        3542
         190        3540
         191        3548
         192        3669
         193        3669
         194        3663
         195        3541
         196        3666
         197        3592
         198        3617
         199        3547
         200        3594
         201        3591
         202        3610
         203        3539
         204        3666
         205        3787
         206        3543
         207        3612
         208        3601
         209        3544
         210        3548
         211        3664
         212        3713
         213        3790
         214        3785
         215        3695
         216        3586
         217        3594
         218        3667
         219        3590
         220        3544
         221        3549
         222        3660
         223        3669
         224        3616
         225        3543
         226        3662
         227        3739
         228        3659
         229        3662
         230        3669
         231        3663
         232        3667
         233        3670
         234        3670
         235        3661
         236        3607
         237        3439
         238        3676
         239        3666
         240        3541
         241        3663
         242        3541
         243        3670
         244        3619
         245        3613
         246        3666
         247        3544
         248        3789
         249        3546
         250        3668
         251        3721
         252        3721
         253        3736
         254        3604
         255        3600
         256        3667
         257        3652
         258        3595
         259        3623
         260        3668
         261        3790
         262        3667
         263        3540
         264        3538
         265        3662
         266        3770
         267        3734
         268        3543
         269        3546
         270        3666
         271        3542
         272        3663
         273        3489
         274        3799
         275        3655
         276        3419
         277        3544
         278        3783
         279        3610
         280        3542
         281        3593
         282        3543
         283        3666
         284        3666
         285        3736
         286        3538
         287        3664
         288        3543
         289        3541
         290        3664
         291        3664
         292        3537
         293        3665
         294        3546
         295        3536
         296        3738
         297        3546
         298        3660
         299        3614
         300        3593
         301        3667
         302        3715
         303        3665
         304        3543
         305        3596
         306        3663
         307        3668
         308        3669
         309        3665
         310        3542
         311        3665
         312        3716
         313        3544
         314        3671
         315        3541
         316        3670
         317        3667
         318        3667
         319        3540
         320        3550
         321        3673
         322        3544
         323        3746
         324        3664
         325        3665
         326        3600
         327        3715
         328        3542
         329        3542
         330        3548
         331        3608
         332        3607
         333        3619
         334        3670
         335        3544
         336        3541
         337        3537
         338        3542
         339        3541
         340        3536
         341        3543
         342        3584
         343        3710
         344        3546
         345        3546
         346        3548
         347        3669
         348        3684
         349        3541
         350        3595
         351        3716
         352        3622
         353        3665
         354        3670
         355        3665
         356        3546
         357        3858
         358        3617
         359        3542
         360        3545
         361        3550
         362        3664
         363        3537
         364        3620
         365        3665
         366        3666
         367        3667
         368        3543
         369        3538
         370        3612
         371        3541
         372        3620
         373        3614
         374        3732
         375        3543
         376        3544
         377        3782
         378        3620
         379        3666
         380        3719
         381        3542
         382        3667
         383        3543
         384        3549
         385        3664
         386        3610
         387        3617
         388        3664
         389        3539
         390        3673
         391        3558
         392        3664
         393        3664
         394        3551
         395        3621
         396        3613
         397        3546
         398        3665
         399        3670
         400        3543
         401        3542
         402        3538
         403        3670
         404        3548
         405        3667
         406        3660
         407        3541
         408        3538
         409        3738
         410        3617
         411        3540
         412        3622
         413        3708
         414        3547
         415        3611
         416        3609
         417        3540
         418        3544
         419        3661
         420        3733
         421        3596
         422        3590
         423        3543
         424        3666
         425        3669
         426        3545
         427        3588
         428        3556
         429        3593
         430        3736
         431        3587
         432        3718
         433        3542
         434        3667
         435        3661
         436        3665
         437        3664
         438        3539
         439        3615
         440        3540
         441        3593
         442        3664
         443        3707
         444        3670
         445        3541
         446        3788
         447        3619
         448        3545
         449        3738
         450        3666
         451        3715
         452        3590
         453        3785
         454        3780
         455        3669
         456        3666
         457        3543
         458        3541
         459        3849
         460        3608
         461        3608
         462        3685
         463        3681
         464        3545
         465        3608
         466        3539
         467        3547
         468        3667
         469        3741
         470        3545
         471        3544
         472        3618
         473        3659
         474        3789
         475        3543
         476        3663
         477        3537
         478        3667
         479        3618
         480        3554
         481        3668
         482        3547
         483        3543
         484        3543
         485        3617
         486        3661
         487        3620
         488        3542
         489        3537
         490        3613
         491        3596
         492        3546
         493        3544
         494        3717
         495        3666
         496        3667
         497        3543
         498        3543
         499        3540
         500        3614
         501        3673
         502        3546
         503        3664
         504        3540
         505        3670
         506        3664
         507        3540
         508        3790
         509        3666
         510        3667
         511        3537
         512        3541
         513        3667
         514        3545
         515        3667
         516        3595
         517        3715
         518        3587
         519        3556
         520        3549
         521        3675
         522        3666
         523        3548
         524        3669
         525        3589
         526        3541
         527        3546
         528        3544
         529        3664
         530        3665
         531        3671
         532        3598
         533        3665
         534        3671
         535        3663
         536        3663
         537        3663
         538        3543
         539        3536
         540        3614
         541        3588
         542        3539
         543        3651
         544        3548
         545        3620
         546        3666
         547        3539
         548        3542
         549        3617
         550        3611
         551        3545
         552        3610
         553        3537
         554        3663
         555        3536
         556        3584
         557        3666
         558        3612
         559        3662
         560        3617
         561        3548
         562        3543
         563        3547
         564        3543
         565        3546
         566        3620
         567        3547
         568        3664
         569        3542
         570        3543
         571        3536
         572        3667
         573        3544
         574        3665
         575        3658
         576        3663
         577        3537
         578        3539
         579        3540
         580        3671
         581        3612
         582        3667
         583        3541
         584        3739
         585        3545
         586        3537
         587        3588
         588        3540
         589        3666
         590        3541
         591        3544
         592        3620
         593        3669
         594        3665
         595        3613
         596        3586
         597        3539
         598        3618
         599        3617
         600        3673
         601        3667
         602        3669
         603        3669
         604        3540
         605        3666
         606        3665
         607        3667
         608        3743
         609        3664
         610        3590
         611        3670
         612        3664
         613        3545
         614        3548
         615        3664
         616        3537
         617        3663
         618        3537
         619        3544
         620        3665
         621        3541
         622        3547
         623        3546
         624        3664
         625        3549
         626        3541
         627        3664
         628        3543
         629        3663
         630        3711
         631        3541
         632        3666
         633        3784
         634        3666
         635        3539
         636        3542
         637        3758
         638        3661
         639        3668
         640        3546
         641        3667
         642        3666
         643        3671
         644        3743
         645        3586
         646        3594
         647        3720
         648        3740
         649        3538
         650        3541
         651        3665
         652        3663
         653        3542
         654        3544
         655        3550
         656        3669
         657        3541
         658        3543
         659        3618
         660        3540
         661        3591
         662        3638
         663        3548
         664        3537
         665        3541
         666        3544
         667        3613
         668        3546
         669        3542
         670        3544
         671        3543
         672        3538
         673        3538
         674        3542
         675        3663
         676        3665
         677        3539
         678        3786
         679        3545
         680        3542
         681        3669
         682        3542
         683        3665
         684        3540
         685        3672
         686        3669
         687        3545
         688        3545
         689        3671
         690        3663
         691        3671
         692        3666
         693        3540
         694        3665
         695        3664
         696        3663
         697        3611
         698        3669
         699        3686
         700        3537
         701        3538
         702        3549
         703        3541
         704        3681
         705        3780
         706        3591
         707        3737
         708        3663
         709        3542
         710        3670
         711        3542
         712        3666
         713        3666
         714        3664
         715        3664
         716        3544
         717        3550
         718        3540
         719        3538
         720        3674
         721        3538
         722        3540
         723        3543
         724        3671
         725        3614
         726        3546
         727        3742
         728        3539
         729        3549
         730        3668
         731        3743
         732        3665
         733        3663
         734        3538
         735        3619
         736        3543
         737        3598
         738        3674
         739        3613
         740        3603
         741        3537
         742        3595
         743        3788
         744        3650
         745        3674
         746        3542
         747        3666
         748        3543
         749        3666
         750        3664
         751        3540
         752        3672
         753        3665
         754        3666
         755        3665
         756        3666
         757        3598
         758        3652
         759        3668
         760        3791
         761        3662
         762        3665
         763        3542
         764        3671
         765        3539
         766        3674
         767        3539
         768        3538
         769        3546
         770        3538
         771        3535
         772        3608
         773        3540
         774        3541
         775        3663
         776        3587
         777        3667
         778        3548
         779        3589
         780        3712
         781        3542
         782        3787
         783        3544
         784        3684
         785        3663
         786        3620
         787        3548
         788        3538
         789        3665
         790        3536
         791        3666
         792        3538
         793        3665
         794        3542
         795        3615
         796        3666
         797        3666
         798        3789
         799        3666
         800        3613
         801        3738
         802        3621
         803        3663
         804        3542
         805        3543
         806        3547
         807        3543
         808        3664
         809        3540
         810        3548
         811        3670
         812        3791
         813        3668
         814        3616
         815        3666
         816        3546
         817        3597
         818        3540
         819        3547
         820        3594
         821        3542
         822        3586
         823        3735
         824        3737
         825        3663
         826        3593
         827        3587
         828        3676
         829        3548
         830        3593
         831        3615
         832        3670
         833        3668
         834        3540
         835        3666
         836        3547
         837        3538
         838        3549
         839        3592
         840        3670
         841        3547
         842        3669
         843        3614
         844        3547
         845        3536
         846        3539
         847        3738
         848        3665
         849        3667
         850        3537
         851        3665
         852        3540
         853        3542
         854        3667
         855        3667
         856        3673
         857        3672
         858        3538
         859        3543
         860        3665
         861        3540
         862        3661
         863        3544
         864        3610
         865        3670
         866        3542
         867        3552
         868        3666
         869        3544
         870        3618
         871        3664
         872        3664
         873        3644
         874        3542
         875        3809
         876        3713
         877        3618
         878        3662
         879        3635
         880        3546
         881        3668
         882        3538
         883        3538
         884        3537
         885        3537
         886        3642
         887        3544
         888        3622
         889        3543
         890        3599
         891        3650
         892        3612
         893        3617
         894        3693
         895        3538
         896        3542
         897        3732
         898        3664
         899        3616
         900        3661
         901        3661
         902        3539
         903        3664
         904        3663
         905        3666
         906        3545
         907        3673
         908        3734
         909        3552
         910        3714
         911        3663
         912        3593
         913        3665
         914        3667
         915        3548
         916        3542
         917        3596
         918        3661
         919        3735
         920        3612
         921        3663
         922        3542
         923        3536
         924        3545
         925        3610
         926        3612
         927        3546
         928        3542
         929        3617
         930        3793
         931        3543
         932        3668
         933        3669
         934        3544
         935        3666
         936        3540
         937        3535
         938        3537
         939        3546
         940        3553
         941        3541
         942        3553
         943        3672
         944        3680
         945        3543
         946        3667
         947        3665
         948        3664
         949        3663
         950        3540
         951        3670
         952        3719
         953        3541
         954        3683
         955        3544
         956        3613
         957        3669
         958        3543
         959        3668
         960        3540
         961        3542
         962        3665
         963        3540
         964        3665
         965        3590
         966        3548
         967        3712
         968        3642
         969        3667
         970        3695
         971        3538
         972        3517
         973        3789
         974        3664
         975        3538
         976        3615
         977        3663
         978        3664
         979        3665
         980        3538
         981        3548
         982        3591
         983        3595
         984        3712
         985        3671
         986        3616
         987        3585
         988        3712
         989        3741
