         IDX         DEG      PARAM0      PARAM1      PARAM2
           0   10.000000          22           8           4    0.988921    3.976956
           1    8.106887          22           8           4    0.988921    3.976956
           2    8.041367          22           8           4    0.988921    3.976956
           3    7.868755          22           8           4    0.988921    3.976956
           4    7.932347          22           8           4    0.988921    3.976956
           5    8.148537          22           8           4    0.988921    3.976956
           6    8.342993          22           8           4    0.988921    3.976956
           7    8.342993          22           8           4    0.988921    3.976956
           8    8.342993          22           8           4    0.988921    3.976956
           9    8.505875          22           8           4    0.988921    3.976956
          10    8.586561          22           8           4    0.988921    3.976956
          11    8.680804          22           8           4    0.988921    3.976956
          12    8.829525          22           8           4    0.988921    3.976956
          13    8.881170          22           8           4    0.988921    3.976956
          14    8.994858          22           8           4    0.988921    3.976956
          15    8.625659          22           8           4    0.988921    3.976956
          16    8.717360          22           8           4    0.988921    3.976956
          17    8.457631          38           8           3    1.738899    2.367066
          18    8.441705          38           8           3    1.738899    2.367066
          19    8.475165          38           8           3    1.738899    2.367066
          20    8.475165          38           8           3    1.738899    2.367066
          21    8.463013          38           8           3    1.738899    2.367066
          22    8.436081          38           8           3    1.738899    2.367066
          23    8.436081          38           8           3    1.738899    2.367066
          24    8.454063          38           8           3    1.738899    2.367066
          25    8.454063          38           8           3    1.738899    2.367066
          26    8.401163          38           8           3    1.738899    2.367066
          27    8.440310          38           8           3    1.738899    2.367066
          28    8.126469           6           2           3    0.564924    4.455760
          29    8.179348           6           2           3    0.564924    4.455760
          30    8.179348           6           2           3    0.564924    4.455760
          31    8.253225           6           2           3    0.564924    4.455760
          32    8.343991           6           2           3    0.564924    4.455760
          33    8.413841           6           2           3    0.564924    4.455760
          34    8.413841           6           2           3    0.564924    4.455760
          35    8.481228           6           2           3    0.564924    4.455760
          36    8.328393          35           8          20    1.851529    2.058258
          37    8.344580          35           8          20    1.851529    2.058258
          38    8.373735          35           8          20    1.851529    2.058258
          39    8.397399          35           8          20    1.851529    2.058258
          40    8.384471          35           8          20    1.851529    2.058258
          41    8.384471          35           8          20    1.851529    2.058258
          42    8.393263          35           8          20    1.851529    2.058258
          43    8.422153          35           8          20    1.851529    2.058258
          44    8.441528          35           8          20    1.851529    2.058258
          45    8.421903          35           8          20    1.851529    2.058258
          46    8.421611          35           8          20    1.851529    2.058258
          47    8.374587          35           8          20    1.851529    2.058258
          48    8.374587          35           8          20    1.851529    2.058258
          49    8.396269          35           8          20    1.851529    2.058258
          50    8.396269          35           8          20    1.851529    2.058258
          51    8.396269          35           8          20    1.851529    2.058258
          52    8.396269          35           8          20    1.851529    2.058258
          53    8.396269          35           8          20    1.851529    2.058258
          54    8.404119          35           8          20    1.851529    2.058258
          55    8.397293          35           8          20    1.851529    2.058258
          56    8.412599          35           8          20    1.851529    2.058258
          57    8.408301          35           8          20    1.851529    2.058258
          58    8.397778          35           8          20    1.851529    2.058258
          59    8.378828          35           8          20    1.851529    2.058258
          60    8.354760          35           8          20    1.851529    2.058258
          61    8.372741          35           8          20    1.851529    2.058258
          62    8.385588          35           8          20    1.851529    2.058258
          63    8.376091          35           8          20    1.851529    2.058258
          64    8.374624          35           8          20    1.851529    2.058258
          65    8.386338          35           8          20    1.851529    2.058258
          66    8.373755          35           8          20    1.851529    2.058258
          67    8.325264          17           6          18    1.022118    3.563041
          68    8.344390          17           6          18    1.022118    3.563041
          69    8.362369          17           6          18    1.022118    3.563041
          70    8.362369          17           6          18    1.022118    3.563041
          71    8.331767          17           6          18    1.022118    3.563041
          72    8.350440          17           6          18    1.022118    3.563041
          73    8.357244          17           6          18    1.022118    3.563041
          74    8.334066          17           6          18    1.022118    3.563041
          75    8.331774          17           6          18    1.022118    3.563041
          76    8.341444          17           6          18    1.022118    3.563041
          77    8.353321          17           6          18    1.022118    3.563041
          78    8.353321          17           6          18    1.022118    3.563041
          79    8.286828          17           6          18    1.022118    3.563041
          80    8.286828          17           6          18    1.022118    3.563041
          81    8.286828          17           6          18    1.022118    3.563041
          82    8.286828          17           6          18    1.022118    3.563041
          83    7.985588          29           9           8    1.188734    3.049358
          84    7.985588          29           9           8    1.188734    3.049358
          85    7.992917          29           9           8    1.188734    3.049358
          86    8.003692          29           9           8    1.188734    3.049358
          87    8.004913          29           9           8    1.188734    3.049358
          88    8.013970          29           9           8    1.188734    3.049358
          89    8.024366          29           9           8    1.188734    3.049358
          90    8.028801          29           9           8    1.188734    3.049358
          91    8.042321          29           9           8    1.188734    3.049358
          92    8.049703          29           9           8    1.188734    3.049358
          93    8.049703          29           9           8    1.188734    3.049358
          94    8.059600          29           9           8    1.188734    3.049358
          95    8.068901          29           9           8    1.188734    3.049358
          96    8.078419          29           9           8    1.188734    3.049358
          97    8.078419          29           9           8    1.188734    3.049358
          98    8.084626          29           9           8    1.188734    3.049358
          99    8.086053          29           9           8    1.188734    3.049358
