         IDX      CYCLES
           0       48149
           1       48149
           2       48149
           3       48149
           4       48149
           5       48149
           6       48149
           7       48149
           8       48149
           9       48149
          10       48149
          11       48149
          12       48149
          13       48149
          14       48149
          15       48149
          16       48149
          17       48148
          18       48149
          19       48148
          20       48148
          21       48149
          22       48148
          23       48149
          24       48149
          25       48149
          26       48149
          27       48148
          28       48149
          29       48149
          30       48148
          31       48149
          32       48149
          33       48149
          34       48149
          35       48149
          36       48149
          37       48149
          38       48149
          39       48149
          40       48149
          41       48148
          42       48149
          43       48148
          44       48149
          45       48149
          46       48149
          47       48149
          48       48149
          49       48149
          50       48149
          51       48149
          52       48149
          53       48149
          54       48149
          55       48149
          56       48149
          57       48149
          58       48149
          59       48149
          60       48149
          61       48148
          62       48149
          63       48149
          64       48149
          65       48149
          66       48149
          67       48149
          68       48148
          69       48149
          70       48148
          71       48149
          72       48149
          73       48149
          74       48149
          75       48149
          76       48149
          77       48149
          78       48149
          79       48149
          80       48149
          81       48149
          82       48149
          83       48149
          84       48148
          85       48149
          86       48149
          87       48149
          88       48149
          89       48149
          90       48149
          91       48149
          92       48148
          93       48149
          94       48149
          95       48149
          96       48149
          97       48148
          98       48149
          99       48149
         100       48148
         101       48149
         102       48149
         103       48149
         104       48148
         105       48149
         106       48149
         107       48148
         108       48149
         109       48149
         110       48149
         111       48149
         112       48149
         113       48149
         114       48149
         115       48149
         116       48149
         117       48148
         118       48149
         119       48149
         120       48149
         121       48149
         122       48149
         123       48149
         124       48148
         125       48149
         126       48149
         127       48149
         128       48149
         129       48149
         130       48149
         131       48149
         132       48148
         133       48149
         134       48149
         135       48149
         136       48149
         137       48149
         138       48149
         139       48148
         140       48149
         141       48149
         142       48149
         143       48149
         144       48149
         145       48149
         146       48149
         147       48149
         148       48149
         149       48149
         150       48149
         151       48149
         152       48149
         153       48149
         154       48149
         155       48148
         156       48149
         157       48149
         158       48148
         159       48148
         160       48149
         161       48148
         162       48149
         163       48149
         164       48148
         165       48149
         166       48149
         167       48149
         168       48149
         169       48149
         170       48149
         171       48149
         172       48149
         173       48149
         174       48149
         175       48149
         176       48149
         177       48149
         178       48148
         179       48149
         180       48148
         181       48149
         182       48148
         183       48149
         184       48149
         185       48149
         186       48149
         187       48149
         188       48149
         189       48149
         190       48149
         191       48149
         192       48149
         193       48148
         194       48149
         195       48149
         196       48149
         197       48149
         198       48149
         199       48149
         200       48149
         201       48148
         202       48149
         203       48148
         204       48149
         205       48149
         206       48149
         207       48149
         208       48149
         209       48149
         210       48148
         211       48148
         212       48148
         213       48148
         214       48149
         215       48149
         216       48149
         217       48148
         218       48149
         219       48149
         220       48149
         221       48149
         222       48149
         223       48149
         224       48149
         225       48148
         226       48149
         227       48148
         228       48149
         229       48149
         230       48149
         231       48149
         232       48149
         233       48149
         234       48149
         235       48149
         236       48149
         237       48148
         238       48149
         239       48149
         240       48149
         241       48149
         242       48149
         243       48149
         244       48149
         245       48149
         246       48149
         247       48149
         248       48149
         249       48149
         250       48149
         251       48149
         252       48148
         253       48149
         254       48149
         255       48149
         256       48149
         257       48149
         258       48149
         259       48149
         260       48149
         261       48149
         262       48149
         263       48149
         264       48148
         265       48149
         266       48149
         267       48148
         268       48148
         269       48149
         270       48148
         271       48149
         272       48149
         273       48149
         274       48149
         275       48149
         276       48148
         277       48149
         278       48149
         279       48148
         280       48149
         281       48149
         282       48149
         283       48149
         284       48149
         285       48149
         286       48149
         287       48148
         288       48149
         289       48149
         290       48149
         291       48149
         292       48149
         293       48149
         294       48149
         295       48149
         296       48149
         297       48149
         298       48149
         299       48149
         300       48148
         301       48149
         302       48149
         303       48149
         304       48149
         305       48149
         306       48149
         307       48149
         308       48149
         309       48149
         310       48149
         311       48149
         312       48149
         313       48149
         314       48149
         315       48148
         316       48148
         317       48149
         318       48148
         319       48149
         320       48148
         321       48148
         322       48149
         323       48149
         324       48149
         325       48149
         326       48148
         327       48148
         328       48149
         329       48149
         330       48149
         331       48149
         332       48148
         333       48149
         334       48149
         335       48149
         336       48148
         337       48148
         338       48149
         339       48149
         340       48149
         341       48148
         342       48149
         343       48148
         344       48149
         345       48149
         346       48149
         347       48148
         348       48149
         349       48149
         350       48149
         351       48149
         352       48149
         353       48149
         354       48149
         355       48148
         356       48149
         357       48149
         358       48148
         359       48149
         360       48149
         361       48149
         362       48149
         363       48149
         364       48149
         365       48149
         366       48149
         367       48148
         368       48149
         369       48149
         370       48149
         371       48149
         372       48148
         373       48149
         374       48149
         375       48149
         376       48149
         377       48148
         378       48149
         379       48149
         380       48149
         381       48149
         382       48149
         383       48148
         384       48148
         385       48149
         386       48149
         387       48149
         388       48149
         389       48149
         390       48149
         391       48149
         392       48148
         393       48149
         394       48148
         395       48149
         396       48149
         397       48149
         398       48149
         399       48148
         400       48149
         401       48149
         402       48149
         403       48149
         404       48149
         405       48148
         406       48149
         407       48149
         408       48148
         409       48149
         410       48149
         411       48149
         412       48149
         413       48148
         414       48149
         415       48149
         416       48149
         417       48149
         418       48149
         419       48149
         420       48149
         421       48149
         422       48149
         423       48149
         424       48149
         425       48149
         426       48149
         427       48149
         428       48149
         429       48149
         430       48149
         431       48148
         432       48148
         433       48149
         434       48148
         435       48149
         436       48149
         437       48149
         438       48149
         439       48148
         440       48149
         441       48149
         442       48149
         443       48149
         444       48149
         445       48149
         446       48149
         447       48148
         448       48149
         449       48149
         450       48149
         451       48149
         452       48148
         453       48149
         454       48149
         455       48149
         456       48148
         457       48149
         458       48149
         459       48149
         460       48148
         461       48149
         462       48149
         463       48148
         464       48148
         465       48149
         466       48148
         467       48149
         468       48149
         469       48149
         470       48149
         471       48149
         472       48149
         473       48149
         474       48149
         475       48149
         476       48148
         477       48149
         478       48149
         479       48149
         480       48149
         481       48149
         482       48149
         483       48149
         484       48149
         485       48149
         486       48148
         487       48149
         488       48148
         489       48149
         490       48149
         491       48149
         492       48149
         493       48148
         494       48149
         495       48149
         496       48149
         497       48149
         498       48149
         499       48149
         500       48149
         501       48149
         502       48149
         503       48149
         504       48149
         505       48149
         506       48148
         507       48149
         508       48149
         509       48149
         510       48148
         511       48149
         512       48149
         513       48149
         514       48148
         515       48149
         516       48148
         517       48149
         518       48149
         519       48149
         520       48149
         521       48148
         522       48149
         523       48148
         524       48149
         525       48149
         526       48148
         527       48149
         528       48149
         529       48149
         530       48149
         531       48149
         532       48148
         533       48149
         534       48149
         535       48149
         536       48148
         537       48149
         538       48149
         539       48149
         540       48149
         541       48149
         542       48149
         543       48149
         544       48149
         545       48149
         546       48149
         547       48149
         548       48149
         549       48149
         550       48148
         551       48149
         552       48149
         553       48148
         554       48149
         555       48149
         556       48149
         557       48149
         558       48148
         559       48149
         560       48149
         561       48148
         562       48149
         563       48149
         564       48149
         565       48149
         566       48149
         567       48149
         568       48148
         569       48149
         570       48148
         571       48149
         572       48149
         573       48149
         574       48149
         575       48149
         576       48149
         577       48149
         578       48149
         579       48149
         580       48148
         581       48149
         582       48149
         583       48149
         584       48149
         585       48149
         586       48149
         587       48148
         588       48149
         589       48149
         590       48148
         591       48149
         592       48149
         593       48149
         594       48149
         595       48148
         596       48149
         597       48149
         598       48149
         599       48149
         600       48149
         601       48149
         602       48149
         603       48148
         604       48149
         605       48149
         606       48148
         607       48149
         608       48149
         609       48148
         610       48149
         611       48149
         612       48149
         613       48148
         614       48148
         615       48149
         616       48149
         617       48149
         618       48149
         619       48149
         620       48149
         621       48148
         622       48149
         623       48149
         624       48149
         625       48149
         626       48149
         627       48149
         628       48149
         629       48148
         630       48149
         631       48148
         632       48148
         633       48149
         634       48149
         635       48148
         636       48149
         637       48149
         638       48149
         639       48149
         640       48149
         641       48149
         642       48149
         643       48149
         644       48149
         645       48149
         646       48149
         647       48149
         648       48149
         649       48149
         650       48149
         651       48149
         652       48149
         653       48149
         654       48149
         655       48149
         656       48149
         657       48149
         658       48149
         659       48148
         660       48148
         661       48149
         662       48149
         663       48149
         664       48149
         665       48149
         666       48149
         667       48149
         668       48149
         669       48149
         670       48149
         671       48149
         672       48149
         673       48149
         674       48149
         675       48149
         676       48149
         677       48149
         678       48148
         679       48148
         680       48149
         681       48149
         682       48149
         683       48149
         684       48149
         685       48149
         686       48148
         687       48149
         688       48149
         689       48149
         690       48149
         691       48149
         692       48149
         693       48149
         694       48149
         695       48149
         696       48149
         697       48149
         698       48149
         699       48148
         700       48149
         701       48148
         702       48149
         703       48149
         704       48149
         705       48149
         706       48148
         707       48149
         708       48148
         709       48149
         710       48149
         711       48149
         712       48149
         713       48148
         714       48149
         715       48148
         716       48149
         717       48149
         718       48149
         719       48149
         720       48149
         721       48149
         722       48149
         723       48148
         724       48149
         725       48148
         726       48148
         727       48149
         728       48149
         729       48149
         730       48149
         731       48149
         732       48149
         733       48148
         734       48149
         735       48149
         736       48149
         737       48149
         738       48149
         739       48149
         740       48149
         741       48149
         742       48149
         743       48149
         744       48149
         745       48148
         746       48149
         747       48148
         748       48149
         749       48149
         750       48149
         751       48149
         752       48149
         753       48149
         754       48149
         755       48149
         756       48149
         757       48149
         758       48148
         759       48149
         760       48148
         761       48149
         762       48149
         763       48149
         764       48149
         765       48149
         766       48149
         767       48149
         768       48149
         769       48149
         770       48149
         771       48149
         772       48149
         773       48149
         774       48149
         775       48149
         776       48149
         777       48149
         778       48149
         779       48149
         780       48149
         781       48148
         782       48149
         783       48149
         784       48149
         785       48149
         786       48149
         787       48149
         788       48149
         789       48149
         790       48149
         791       48149
         792       48149
         793       48149
         794       48149
         795       48148
         796       48149
         797       48148
         798       48149
         799       48148
         800       48149
         801       48149
         802       48149
         803       48149
         804       48149
         805       48148
         806       48149
         807       48149
         808       48149
         809       48149
         810       48149
         811       48149
         812       48149
         813       48149
         814       48149
         815       48149
         816       48149
         817       48149
         818       48149
         819       48148
         820       48149
         821       48149
         822       48149
         823       48149
         824       48149
         825       48149
         826       48149
         827       48149
         828       48148
         829       48149
         830       48149
         831       48149
         832       48149
         833       48149
         834       48149
         835       48149
         836       48149
         837       48149
         838       48149
         839       48149
         840       48149
         841       48149
         842       48148
         843       48149
         844       48148
         845       48149
         846       48149
         847       48149
         848       48148
         849       48149
         850       48149
         851       48148
         852       48148
         853       48148
         854       48148
         855       48149
         856       48149
         857       48149
         858       48148
         859       48148
         860       48149
         861       48149
         862       48149
         863       48149
         864       48149
         865       48149
         866       48149
         867       48149
         868       48149
         869       48149
         870       48149
         871       48149
         872       48149
         873       48149
         874       48149
         875       48149
         876       48149
         877       48149
         878       48149
         879       48149
         880       48149
         881       48149
         882       48149
         883       48149
         884       48148
         885       48148
         886       48149
         887       48149
         888       48149
         889       48148
         890       48149
         891       48149
         892       48149
         893       48149
         894       48149
         895       48148
         896       48149
         897       48148
         898       48149
         899       48149
         900       48149
         901       48148
         902       48148
         903       48149
         904       48149
         905       48149
         906       48149
         907       48149
         908       48149
         909       48148
         910       48148
         911       48149
         912       48149
         913       48149
         914       48149
         915       48149
         916       48148
         917       48149
         918       48149
         919       48149
         920       48149
         921       48149
         922       48149
         923       48149
         924       48149
         925       48149
         926       48148
         927       48149
         928       48149
         929       48149
         930       48149
         931       48148
         932       48149
         933       48149
         934       48149
         935       48149
         936       48149
         937       48149
         938       48149
         939       48149
         940       48149
         941       48148
         942       48149
         943       48149
         944       48149
         945       48149
         946       48149
         947       48149
         948       48149
         949       48149
         950       48149
         951       48149
         952       48149
         953       48149
         954       48149
         955       48148
         956       48149
         957       48148
         958       48149
         959       48149
         960       48149
         961       48149
         962       48149
         963       48149
         964       48148
         965       48149
         966       48149
         967       48149
         968       48149
         969       48149
         970       48149
         971       48149
         972       48148
         973       48148
         974       48149
         975       48149
         976       48148
         977       48149
         978       48149
         979       48149
         980       48149
         981       48149
         982       48149
         983       48149
         984       48149
         985       48149
         986       48149
         987       48149
         988       48149
         989       48149
