         IDX  CYCLES_DEG
           0    3.078603
           1    2.982061
           2    2.947396
           3    2.944493
           4    3.033062
           5    2.926423
           6    2.909351
           7    3.072710
           8    3.006110
           9    3.014559
          10    2.907574
          11    2.941806
          12    2.960482
          13    2.980674
          14    3.036355
          15    2.922264
          16    2.940549
          17    3.026519
          18    3.071627
          19    2.919577
          20    2.900555
          21    2.934830
          22    2.946009
          23    2.916891
          24    2.902938
          25    2.941459
          26    3.028295
          27    3.023052
          28    2.911214
          29    3.062960
          30    3.041555
          31    2.944796
          32    3.041035
          33    2.974175
          34    2.984704
          35    2.895572
          36    3.022836
          37    2.953635
          38    3.048531
          39    2.959182
          40    2.920660
          41    3.102522
          42    2.900425
          43    2.915937
          44    2.942239
          45    3.035575
          46    2.988734
          47    3.025955
          48    2.963472
          49    2.934050
          50    3.071150
          51    3.014689
          52    2.900338
          53    2.991247
          54    2.976384
          55    3.102522
          56    2.884045
          57    3.000780
          58    3.005546
          59    3.045151
          60    3.057631
          61    2.918234
          62    3.062354
          63    2.994194
          64    2.936780
          65    3.005460
          66    2.890632
          67    3.028772
          68    3.015209
          69    2.942933
          70    2.994150
          71    3.023919
          72    2.906058
          73    3.019109
          74    2.933790
          75    3.027862
          76    3.044631
          77    3.006500
          78    2.931233
          79    3.131771
          80    2.917844
          81    3.108155
          82    3.039951
          83    3.051478
          84    2.927593
          85    2.900945
          86    3.127394
          87    2.876809
          88    3.000737
          89    3.011613
          90    3.064780
          91    3.032888
          92    2.956365
          93    2.921787
          94    3.040645
          95    3.010356
          96    2.941156
          97    3.102609
          98    3.050784
          99    3.021536
         100    2.927637
         101    2.901118
         102    3.149666
         103    2.915547
         104    2.923174
         105    3.027385
         106    2.938816
         107    2.932533
         108    2.937993
         109    2.996663
         110    2.988084
         111    2.985094
         112    2.929890
         113    2.936693
         114    2.919967
         115    2.920834
         116    2.871046
         117    3.006933
         118    2.991420
         119    3.012696
         120    3.001343
         121    2.999827
         122    2.931363
         123    2.984054
         124    2.917107
         125    3.024309
         126    3.006846
         127    2.897435
         128    3.021796
         129    2.932316
         130    3.008753
         131    2.975778
         132    2.930540
         133    2.936606
         134    2.915721
         135    2.926250
         136    2.925297
         137    2.928590
         138    3.040731
         139    3.036398
         140    2.907531
         141    2.965855
         142    2.990467
         143    3.087313
         144    2.927983
         145    2.971748
         146    2.892322
         147    2.923607
         148    2.987217
         149    3.058194
         150    2.919837
         151    2.912774
         152    3.200927
         153    3.025565
         154    2.900901
         155    3.025825
         156    3.021666
         157    2.964295
         158    3.007280
         159    2.920877
         160    3.040255
         161    2.911647
         162    2.930627
         163    3.012393
         164    2.979461
         165    2.955455
         166    3.018502
         167    3.027082
         168    3.103648
         169    2.930063
         170    2.895485
         171    3.068940
         172    2.925037
         173    3.032932
         174    3.027342
         175    3.053644
         176    2.919230
         177    2.940463
         178    2.904454
         179    2.911951
         180    3.017982
         181    3.105598
         182    2.917801
         183    2.997703
         184    2.978378
         185    3.008883
         186    3.080943
         187    2.910391
         188    3.042291
         189    3.022056
         190    3.024352
         191    3.072710
         192    2.919664
         193    2.924690
         194    2.953289
         195    2.943323
         196    3.239492
         197    3.020669
         198    2.914984
         199    3.022532
         200    3.107982
         201    2.943063
         202    3.014516
         203    3.035965
         204    3.006673
         205    3.095892
         206    2.994974
         207    2.999957
         208    3.025392
         209    2.934873
         210    3.023269
         211    2.939943
         212    3.006803
         213    2.962952
         214    2.903068
         215    3.047101
         216    3.043895
         217    2.939726
         218    3.045845
         219    3.008190
         220    3.002470
         221    3.017506
         222    3.040385
         223    2.939336
         224    2.996230
         225    2.933833
         226    3.038002
         227    3.056027
         228    2.954459
         229    2.902765
         230    2.933833
         231    3.002860
         232    3.026475
         233    2.951382
         234    2.943583
         235    2.911431
         236    2.989470
         237    2.968368
         238    2.926640
         239    2.905278
         240    2.924084
         241    2.986004
         242    2.986567
         243    3.007366
         244    2.986351
         245    3.022576
         246    2.944666
         247    3.015816
         248    3.034318
         249    3.035142
         250    2.997703
         251    3.117991
         252    2.929587
         253    3.086706
         254    3.017159
         255    2.913337
         256    2.920357
         257    2.987954
         258    3.026909
         259    2.977814
         260    2.916241
         261    2.902981
         262    2.973525
         263    2.909004
         264    2.923954
         265    3.037568
         266    3.004203
         267    2.931623
         268    3.037525
         269    2.912254
         270    3.067034
         271    2.938426
         272    2.997097
         273    2.972095
         274    2.944146
         275    3.029292
         276    3.124014
         277    3.104255
         278    3.016466
         279    3.004680
         280    2.944839
         281    2.942239
         282    2.957232
         283    3.048228
         284    2.936346
         285    3.078993
         286    3.027862
         287    3.019802
         288    2.927290
         289    3.004160
         290    2.992330
         291    2.946486
         292    3.086966
         293    3.020236
         294    3.060664
         295    3.133157
         296    3.019846
         297    2.919750
         298    3.009230
         299    2.949216
         300    2.935436
         301    3.022966
         302    2.991897
         303    2.934743
         304    2.894315
         305    2.922697
         306    2.913164
         307    2.956625
         308    2.988387
         309    3.063004
         310    2.913771
         311    2.925123
         312    2.932880
         313    3.059191
         314    2.915331
         315    2.966678
         316    2.985311
         317    2.990770
         318    2.936390
         319    2.930757
         320    2.920920
         321    3.045065
         322    2.942023
         323    2.993847
         324    3.013736
         325    2.921224
         326    3.018372
         327    2.969581
         328    2.963905
         329    3.018676
         330    2.968455
         331    2.917367
         332    3.009446
         333    3.037265
         334    3.036225
         335    3.038998
         336    3.029725
         337    3.013563
         338    3.031979
         339    2.976644
         340    3.046494
         341    3.029855
         342    3.054467
         343    3.006023
         344    3.009490
         345    3.007150
         346    3.028642
         347    3.021319
         348    3.016466
         349    3.016509
         350    3.026172
         351    3.023399
         352    3.024526
         353    2.998310
         354    3.046148
         355    3.015859
         356    3.013433
         357    3.051391
         358    3.022186
         359    3.012479
         360    3.048184
         361    3.042118
         362    3.006500
         363    3.029422
         364    2.933920
         365    3.015383
         366    2.997400
         367    3.035445
         368    2.980111
         369    2.942283
         370    3.025695
         371    3.018849
         372    2.890242
         373    2.993717
         374    2.898865
         375    3.033625
         376    2.922480
         377    2.992330
         378    2.961695
         379    2.988387
         380    3.021536
         381    3.054857
         382    3.065387
         383    2.920747
         384    3.035055
         385    2.918017
         386    3.010616
         387    3.137317
         388    3.035185
         389    2.917324
         390    2.930757
         391    3.038392
         392    3.010573
         393    2.936563
         394    2.932533
         395    3.062094
         396    3.070067
         397    2.972311
         398    3.025955
         399    3.037612
         400    3.047361
         401    2.934656
         402    2.981021
         403    2.942239
         404    2.971531
         405    3.052864
         406    3.043851
         407    2.939466
         408    2.947612
         409    3.041598
         410    2.938253
         411    2.901725
         412    3.003683
         413    2.980284
         414    3.013693
         415    2.930323
         416    2.971055
         417    3.019542
         418    2.938730
         419    2.959789
         420    3.015513
         421    3.005633
         422    2.992547
         423    2.923607
         424    3.031762
         425    2.913467
         426    3.008233
         427    2.919100
         428    2.924517
         429    2.967155
         430    3.019326
         431    2.903761
         432    2.892842
         433    2.927853
         434    2.961132
         435    2.931710
         436    2.996880
         437    3.027645
         438    3.053341
         439    2.901898
         440    2.994324
         441    2.926597
         442    3.190268
         443    3.009793
         444    2.920270
         445    3.013563
         446    2.906621
         447    2.936043
         448    2.935740
         449    2.918147
         450    2.914941
         451    2.933096
         452    3.040861
         453    2.944363
         454    2.921657
         455    3.049094
         456    2.962345
         457    2.925903
         458    2.938990
         459    2.979114
         460    3.105945
         461    2.910694
         462    3.014386
         463    3.052561
         464    3.018199
         465    2.925297
         466    3.042811
         467    3.096802
         468    3.018199
         469    2.897045
         470    3.034232
         471    2.906881
         472    2.912037
         473    2.956409
         474    2.920877
         475    3.050828
         476    3.035878
         477    3.025955
         478    2.974998
         479    3.031112
         480    2.937256
         481    2.961608
         482    3.005850
         483    2.996967
         484    3.001993
         485    3.045325
         486    2.927117
         487    3.042725
         488    2.935826
         489    3.101872
         490    2.952552
         491    2.940289
         492    3.024699
         493    3.131207
         494    3.056894
         495    2.927593
         496    3.036658
         497    3.023269
         498    3.044285
         499    3.046451
         500    2.934786
         501    2.942326
         502    3.056894
         503    3.070977
         504    3.074920
         505    2.984574
         506    2.918364
         507    3.056157
         508    3.009186
         509    2.984704
         510    3.031805
         511    3.056937
         512    3.016943
         513    2.938513
         514    3.050784
         515    2.922740
         516    2.997660
         517    2.900511
         518    2.998310
         519    2.932143
         520    3.041858
         521    3.003033
         522    3.051694
         523    3.023442
         524    3.001647
         525    3.025305
         526    2.979938
         527    3.052301
         528    3.002253
         529    2.927117
         530    3.145290
         531    3.043028
         532    3.024569
         533    2.988734
         534    3.024959
         535    3.022446
         536    3.005460
         537    2.979764
         538    3.066340
         539    3.031459
         540    2.898735
         541    2.963645
         542    3.030679
         543    2.987911
         544    3.004203
         545    3.068940
         546    3.106162
         547    3.045628
         548    2.978811
         549    3.055854
         550    2.896005
         551    2.992677
         552    3.039301
         553    3.046321
         554    3.014083
         555    3.030202
         556    2.918017
         557    3.035272
         558    2.924387
         559    3.022532
         560    2.983274
         561    2.963948
         562    2.912341
         563    2.908528
         564    3.067164
         565    3.042118
         566    2.976298
         567    2.921050
         568    2.921224
         569    2.909178
         570    2.978768
         571    3.024049
         572    3.081420
         573    2.992590
         574    3.082503
         575    2.943539
         576    2.958792
         577    2.931623
         578    3.081550
         579    3.049484
         580    2.916457
         581    2.988214
         582    3.113138
         583    2.911951
         584    3.042638
         585    3.026779
         586    2.988951
         587    3.016249
         588    3.018069
         589    3.028122
         590    2.914074
         591    3.025565
         592    3.021882
         593    3.029725
         594    3.113658
         595    3.031329
         596    2.976644
         597    3.015209
         598    3.012696
         599    2.928027
         600    3.007323
         601    3.029899
         602    3.024352
         603    2.996057
         604    3.021926
         605    2.900728
         606    2.898258
         607    3.041901
         608    3.037872
         609    2.927463
         610    2.953462
         611    3.018329
         612    2.915807
         613    3.016379
         614    3.010963
         615    2.983014
         616    3.149710
         617    3.093422
         618    2.993154
         619    2.953722
         620    3.108848
         621    2.918797
         622    3.026562
         623    2.974435
         624    2.928417
         625    2.929110
         626    3.061790
         627    3.061877
         628    2.937083
         629    2.923607
         630    3.030289
         631    3.027862
         632    2.917541
         633    3.005806
         634    2.954025
         635    2.980588
         636    3.027862
         637    3.033192
         638    2.916717
         639    3.010140
         640    3.012826
         641    2.933790
         642    3.017289
         643    3.079600
         644    3.017073
         645    2.967632
         646    3.041165
         647    3.042031
         648    2.912731
         649    2.971141
         650    2.959659
         651    3.086966
         652    3.023096
         653    2.907184
         654    3.036788
         655    3.034882
         656    3.029769
         657    2.950862
         658    2.966765
         659    3.057024
         660    2.979938
         661    2.958229
         662    2.944623
         663    3.013086
         664    3.066384
         665    3.021579
         666    2.908831
         667    2.923260
         668    2.910867
         669    3.012696
         670    2.998223
         671    2.998830
         672    3.048878
         673    2.981671
         674    2.995494
         675    2.936000
         676    3.013433
         677    3.032715
         678    2.968541
         679    2.929413
         680    2.949779
         681    3.035705
         682    2.924214
         683    2.941589
         684    2.908658
         685    2.893405
         686    2.940116
         687    3.020842
         688    2.941329
         689    3.034535
         690    2.931147
         691    2.941936
         692    3.108198
         693    3.024526
         694    3.068680
         695    3.011699
         696    3.056417
         697    2.909698
         698    2.910434
         699    3.017376
         700    3.011916
         701    3.039648
         702    3.022836
         703    2.953722
         704    2.945446
         705    3.033668
         706    3.033452
         707    3.001647
         708    2.989340
         709    2.951599
         710    3.017593
         711    2.956539
         712    3.007886
         713    2.964382
         714    2.915591
         715    2.993327
         716    2.914334
         717    3.031762
         718    3.018806
         719    2.928157
         720    2.911864
         721    3.024136
         722    2.970491
         723    2.947916
         724    3.071367
         725    3.010226
         726    3.030029
         727    3.117558
         728    3.069677
         729    3.049224
         730    3.057717
         731    2.922957
         732    2.965942
         733    2.905624
         734    3.011396
         735    3.012436
         736    3.017246
         737    2.888682
         738    2.912687
         739    3.016509
         740    2.978204
         741    2.914681
         742    2.928243
         743    3.044068
         744    2.900251
         745    3.032802
         746    2.929197
         747    3.006846
         748    2.930107
         749    2.916197
         750    2.945056
         751    3.007626
         752    3.108242
         753    3.002167
         754    3.130601
         755    2.923087
         756    3.080423
         757    2.958402
         758    3.134240
         759    3.067467
         760    3.047751
         761    3.012219
         762    3.000693
         763    3.101829
         764    3.102825
         765    3.011093
         766    3.015686
         767    2.941763
         768    2.934006
         769    2.919144
         770    3.065517
         771    2.997703
         772    3.027082
         773    3.026129
         774    3.032628
         775    3.025999
         776    2.999263
         777    2.912557
         778    2.960135
         779    2.959529
         780    2.918970
         781    2.906448
         782    2.984704
         783    2.915201
         784    2.915071
         785    2.907834
         786    2.922264
         787    2.961088
         788    2.945316
         789    2.996144
         790    2.961045
         791    3.022316
         792    3.008060
         793    3.048791
         794    3.024786
         795    2.941763
         796    3.003640
         797    3.046538
         798    2.938730
         799    3.031329
         800    3.119551
         801    3.091299
         802    2.924864
         803    3.092079
         804    2.994497
         805    3.081290
         806    3.018849
         807    3.131164
         808    2.909091
         809    3.013259
         810    2.992937
         811    2.943193
         812    3.144207
         813    3.055291
         814    3.044198
         815    2.929717
         816    3.008536
         817    3.085839
         818    2.937733
         819    3.021102
         820    2.988474
         821    2.944579
         822    2.979244
         823    3.078213
         824    2.966115
         825    2.925687
         826    3.007496
         827    3.029032
         828    2.945663
         829    3.050524
         830    3.002947
         831    2.980371
         832    3.057674
         833    2.905668
         834    3.020669
         835    2.928070
         836    3.083283
         837    2.906101
         838    2.981714
         839    2.960395
         840    3.122108
         841    2.966938
         842    3.079860
         843    3.005026
         844    2.942196
         845    2.931580
         846    3.029985
         847    2.924170
         848    3.064000
         849    2.960958
         850    3.020496
         851    3.036528
         852    2.943713
         853    2.967632
         854    2.921484
         855    2.899991
         856    2.943063
         857    2.980848
         858    2.907531
         859    2.994887
         860    3.026172
         861    3.034362
         862    2.938860
         863    2.910434
         864    2.935263
         865    2.990987
         866    2.944579
         867    3.049311
         868    3.006543
         869    2.894358
         870    2.934873
         871    3.024006
         872    3.023269
         873    2.923044
         874    3.005243
         875    2.972181
         876    2.998353
         877    3.048011
         878    3.025305
         879    3.021666
         880    3.014559
         881    2.910737
         882    3.005720
         883    2.978464
         884    3.035315
         885    2.988344
         886    3.047361
         887    3.016423
         888    2.946659
         889    3.107808
         890    2.991074
         891    3.020712
         892    2.896568
         893    2.960828
         894    2.969148
         895    2.911691
         896    3.100399
         897    3.023919
         898    2.982927
         899    2.938470
         900    3.089609
         901    3.048098
         902    2.956495
         903    3.090996
         904    2.946442
         905    3.025782
         906    2.902851
         907    2.907964
         908    3.040211
         909    2.992937
         910    3.055377
         911    3.098449
         912    2.948349
         913    2.907791
         914    3.003856
         915    2.994670
         916    3.011656
         917    2.975258
         918    2.903111
         919    3.106552
         920    2.950516
         921    3.018372
         922    3.025479
         923    3.106725
         924    3.023182
         925    3.029162
         926    3.037092
         927    3.097019
         928    2.936390
         929    3.041641
         930    3.015513
         931    2.985787
         932    2.892538
         933    3.118641
         934    2.967025
         935    3.111925
         936    2.911561
         937    3.049441
         938    3.093726
         939    2.931623
         940    3.090866
         941    3.039215
         942    2.897218
         943    2.963342
         944    3.028165
         945    3.026302
         946    3.042508
         947    2.937430
         948    3.019889
         949    3.029552
         950    3.056027
         951    3.032585
         952    3.005590
         953    3.100442
         954    2.999827
         955    3.025565
         956    3.045541
         957    2.909524
         958    2.906578
         959    2.952856
         960    2.901075
         961    3.008710
         962    3.036225
         963    2.938123
         964    3.020019
         965    2.883915
         966    2.913077
         967    2.897738
         968    2.954285
         969    2.972918
         970    2.921007
         971    3.056807
         972    3.004420
         973    3.060144
         974    2.939076
         975    3.097149
         976    3.039691
         977    2.920184
         978    3.020669
         979    2.922004
         980    2.929717
         981    2.942369
         982    2.949476
         983    3.090562
         984    2.935306
         985    3.020669
         986    2.925253
         987    2.918537
         988    3.148496
         989    3.010443
