         IDX L1D-REFILLS
           0        3741
           1        3593
           2        3538
           3        3548
           4        3674
           5        3537
           6        3540
           7        3744
           8        3670
           9        3668
          10        3538
          11        3547
          12        3549
          13        3669
          14        3665
          15        3536
          16        3546
          17        3688
          18        3738
          19        3545
          20        3538
          21        3544
          22        3540
          23        3541
          24        3538
          25        3548
          26        3675
          27        3665
          28        3543
          29        3664
          30        3664
          31        3541
          32        3669
          33        3613
          34        3615
          35        3551
          36        3666
          37        3590
          38        3692
          39        3596
          40        3544
          41        3741
          42        3546
          43        3549
          44        3547
          45        3664
          46        3618
          47        3668
          48        3612
          49        3586
          50        3735
          51        3667
          52        3541
          53        3592
          54        3595
          55        3738
          56        3546
          57        3667
          58        3667
          59        3668
          60        3739
          61        3545
          62        3739
          63        3617
          64        3540
          65        3669
          66        3541
          67        3665
          68        3617
          69        3590
          70        3617
          71        3671
          72        3544
          73        3617
          74        3540
          75        3668
          76        3717
          77        3664
          78        3542
          79        3795
          80        3539
          81        3797
          82        3670
          83        3668
          84        3544
          85        3538
          86        3788
          87        3540
          88        3665
          89        3667
          90        3666
          91        3666
          92        3598
          93        3544
          94        3664
          95        3661
          96        3546
          97        3792
          98        3668
          99        3667
         100        3545
         101        3546
         102        3794
         103        3541
         104        3537
         105        3665
         106        3539
         107        3548
         108        3540
         109        3617
         110        3610
         111        3619
         112        3551
         113        3541
         114        3547
         115        3543
         116        3541
         117        3666
         118        3614
         119        3671
         120        3671
         121        3614
         122        3543
         123        3610
         124        3548
         125        3672
         126        3668
         127        3545
         128        3663
         129        3542
         130        3668
         131        3617
         132        3547
         133        3544
         134        3541
         135        3546
         136        3544
         137        3543
         138        3665
         139        3656
         140        3544
         141        3611
         142        3669
         143        3738
         144        3540
         145        3666
         146        3543
         147        3543
         148        3677
         149        3666
         150        3544
         151        3546
         152        3913
         153        3668
         154        3537
         155        3668
         156        3664
         157        3541
         158        3663
         159        3546
         160        3670
         161        3536
         162        3546
         163        3672
         164        3616
         165        3598
         166        3684
         167        3670
         168        3785
         169        3545
         170        3542
         171        3671
         172        3543
         173        3674
         174        3693
         175        3668
         176        3542
         177        3546
         178        3541
         179        3545
         180        3663
         181        3789
         182        3539
         183        3666
         184        3628
         185        3663
         186        3715
         187        3541
         188        3695
         189        3671
         190        3668
         191        3742
         192        3536
         193        3540
         194        3544
         195        3544
         196        3912
         197        3655
         198        3541
         199        3664
         200        3786
         201        3543
         202        3670
         203        3673
         204        3666
         205        3786
         206        3669
         207        3669
         208        3669
         209        3543
         210        3668
         211        3548
         212        3671
         213        3547
         214        3545
         215        3741
         216        3666
         217        3541
         218        3668
         219        3667
         220        3623
         221        3669
         222        3664
         223        3541
         224        3674
         225        3552
         226        3667
         227        3664
         228        3544
         229        3542
         230        3547
         231        3621
         232        3688
         233        3544
         234        3546
         235        3548
         236        3667
         237        3611
         238        3538
         239        3545
         240        3540
         241        3601
         242        3671
         243        3621
         244        3665
         245        3673
         246        3556
         247        3665
         248        3661
         249        3713
         250        3643
         251        3792
         252        3545
         253        3794
         254        3667
         255        3548
         256        3544
         257        3667
         258        3688
         259        3593
         260        3539
         261        3546
         262        3619
         263        3543
         264        3544
         265        3669
         266        3664
         267        3546
         268        3669
         269        3539
         270        3737
         271        3546
         272        3665
         273        3616
         274        3550
         275        3666
         276        3790
         277        3792
         278        3667
         279        3670
         280        3542
         281        3543
         282        3540
         283        3716
         284        3541
         285        3719
         286        3670
         287        3664
         288        3538
         289        3668
         290        3669
         291        3544
         292        3715
         293        3665
         294        3665
         295        3797
         296        3665
         297        3540
         298        3666
         299        3541
         300        3538
         301        3664
         302        3621
         303        3545
         304        3542
         305        3546
         306        3545
         307        3617
         308        3670
         309        3666
         310        3545
         311        3542
         312        3545
         313        3696
         314        3543
         315        3620
         316        3615
         317        3671
         318        3542
         319        3544
         320        3541
         321        3669
         322        3545
         323        3666
         324        3672
         325        3545
         326        3665
         327        3599
         328        3612
         329        3675
         330        3542
         331        3543
         332        3664
         333        3718
         334        3666
         335        3665
         336        3665
         337        3613
         338        3664
         339        3668
         340        3668
         341        3668
         342        3668
         343        3668
         344        3668
         345        3668
         346        3668
         347        3668
         348        3668
         349        3668
         350        3668
         351        3668
         352        3668
         353        3668
         354        3668
         355        3668
         356        3668
         357        3668
         358        3668
         359        3668
         360        3668
         361        3668
         362        3669
         363        3669
         364        3545
         365        3674
         366        3666
         367        3665
         368        3613
         369        3540
         370        3664
         371        3666
         372        3556
         373        3611
         374        3542
         375        3672
         376        3548
         377        3667
         378        3539
         379        3587
         380        3616
         381        3719
         382        3718
         383        3544
         384        3671
         385        3542
         386        3717
         387        3797
         388        3668
         389        3547
         390        3542
         391        3668
         392        3667
         393        3547
         394        3542
         395        3713
         396        3734
         397        3594
         398        3663
         399        3667
         400        3668
         401        3543
         402        3614
         403        3537
         404        3619
         405        3720
         406        3674
         407        3536
         408        3600
         409        3689
         410        3619
         411        3538
         412        3664
         413        3618
         414        3667
         415        3547
         416        3595
         417        3675
         418        3543
         419        3595
         420        3664
         421        3669
         422        3616
         423        3543
         424        3662
         425        3541
         426        3667
         427        3547
         428        3540
         429        3618
         430        3615
         431        3540
         432        3538
         433        3544
         434        3549
         435        3546
         436        3694
         437        3669
         438        3669
         439        3538
         440        3619
         441        3547
         442        3865
         443        3667
         444        3539
         445        3668
         446        3549
         447        3592
         448        3539
         449        3548
         450        3540
         451        3545
         452        3668
         453        3549
         454        3544
         455        3698
         456        3621
         457        3546
         458        3542
         459        3664
         460        3785
         461        3541
         462        3667
         463        3667
         464        3619
         465        3546
         466        3683
         467        3793
         468        3667
         469        3543
         470        3666
         471        3548
         472        3548
         473        3542
         474        3538
         475        3665
         476        3667
         477        3665
         478        3616
         479        3669
         480        3546
         481        3588
         482        3665
         483        3664
         484        3614
         485        3741
         486        3544
         487        3671
         488        3545
         489        3790
         490        3545
         491        3542
         492        3671
         493        3739
         494        3673
         495        3544
         496        3666
         497        3668
         498        3668
         499        3692
         500        3596
         501        3542
         502        3671
         503        3669
         504        3719
         505        3618
         506        3543
         507        3639
         508        3597
         509        3616
         510        3666
         511        3720
         512        3666
         513        3541
         514        3664
         515        3539
         516        3620
         517        3553
         518        3662
         519        3546
         520        3669
         521        3665
         522        3669
         523        3619
         524        3675
         525        3669
         526        3672
         527        3674
         528        3620
         529        3543
         530        3788
         531        3669
         532        3669
         533        3619
         534        3668
         535        3664
         536        3664
         537        3619
         538        3740
         539        3669
         540        3544
         541        3600
         542        3671
         543        3669
         544        3671
         545        3664
         546        3737
         547        3665
         548        3624
         549        3738
         550        3540
         551        3622
         552        3668
         553        3671
         554        3595
         555        3667
         556        3545
         557        3669
         558        3541
         559        3671
         560        3617
         561        3541
         562        3543
         563        3545
         564        3744
         565        3694
         566        3613
         567        3536
         568        3536
         569        3540
         570        3618
         571        3665
         572        3738
         573        3619
         574        3739
         575        3550
         576        3626
         577        3540
         578        3736
         579        3734
         580        3546
         581        3613
         582        3740
         583        3544
         584        3662
         585        3666
         586        3665
         587        3664
         588        3665
         589        3667
         590        3540
         591        3677
         592        3673
         593        3667
         594        3792
         595        3665
         596        3618
         597        3666
         598        3665
         599        3541
         600        3670
         601        3690
         602        3666
         603        3600
         604        3666
         605        3539
         606        3536
         607        3665
         608        3719
         609        3539
         610        3551
         611        3675
         612        3543
         613        3673
         614        3663
         615        3612
         616        3786
         617        3735
         618        3668
         619        3543
         620        3786
         621        3548
         622        3668
         623        3593
         624        3543
         625        3550
         626        3714
         627        3665
         628        3540
         629        3543
         630        3688
         631        3671
         632        3556
         633        3671
         634        3613
         635        3666
         636        3687
         637        3669
         638        3545
         639        3672
         640        3664
         641        3539
         642        3617
         643        3744
         644        3665
         645        3615
         646        3664
         647        3665
         648        3538
         649        3619
         650        3618
         651        3792
         652        3664
         653        3544
         654        3668
         655        3666
         656        3665
         657        3586
         658        3589
         659        3687
         660        3591
         661        3593
         662        3589
         663        3659
         664        3742
         665        3664
         666        3546
         667        3539
         668        3545
         669        3628
         670        3668
         671        3617
         672        3667
         673        3619
         674        3661
         675        3592
         676        3664
         677        3667
         678        3539
         679        3546
         680        3545
         681        3672
         682        3550
         683        3545
         684        3544
         685        3545
         686        3546
         687        3621
         688        3537
         689        3664
         690        3546
         691        3623
         692        3740
         693        3716
         694        3741
         695        3667
         696        3663
         697        3544
         698        3544
         699        3670
         700        3715
         701        3662
         702        3670
         703        3613
         704        3542
         705        3674
         706        3623
         707        3593
         708        3617
         709        3597
         710        3665
         711        3549
         712        3670
         713        3604
         714        3540
         715        3619
         716        3540
         717        3692
         718        3666
         719        3541
         720        3543
         721        3622
         722        3587
         723        3543
         724        3672
         725        3667
         726        3666
         727        3788
         728        3741
         729        3666
         730        3667
         731        3538
         732        3666
         733        3546
         734        3668
         735        3666
         736        3670
         737        3543
         738        3545
         739        3618
         740        3620
         741        3541
         742        3541
         743        3669
         744        3543
         745        3716
         746        3542
         747        3673
         748        3539
         749        3555
         750        3542
         751        3611
         752        3742
         753        3667
         754        3791
         755        3551
         756        3742
         757        3543
         758        3792
         759        3747
         760        3689
         761        3666
         762        3669
         763        3794
         764        3790
         765        3668
         766        3664
         767        3539
         768        3537
         769        3547
         770        3671
         771        3673
         772        3671
         773        3668
         774        3671
         775        3668
         776        3666
         777        3545
         778        3609
         779        3619
         780        3548
         781        3548
         782        3618
         783        3546
         784        3541
         785        3546
         786        3585
         787        3550
         788        3600
         789        3594
         790        3618
         791        3664
         792        3670
         793        3668
         794        3666
         795        3542
         796        3666
         797        3665
         798        3549
         799        3668
         800        3792
         801        3744
         802        3543
         803        3792
         804        3668
         805        3736
         806        3671
         807        3789
         808        3542
         809        3666
         810        3667
         811        3545
         812        3790
         813        3667
         814        3721
         815        3544
         816        3678
         817        3747
         818        3539
         819        3669
         820        3619
         821        3542
         822        3621
         823        3746
         824        3542
         825        3543
         826        3661
         827        3666
         828        3546
         829        3666
         830        3670
         831        3613
         832        3666
         833        3540
         834        3668
         835        3545
         836        3737
         837        3542
         838        3594
         839        3549
         840        3792
         841        3614
         842        3722
         843        3664
         844        3590
         845        3550
         846        3666
         847        3539
         848        3673
         849        3598
         850        3690
         851        3667
         852        3542
         853        3614
         854        3542
         855        3543
         856        3549
         857        3615
         858        3546
         859        3615
         860        3690
         861        3666
         862        3545
         863        3536
         864        3542
         865        3617
         866        3556
         867        3666
         868        3677
         869        3541
         870        3541
         871        3670
         872        3666
         873        3550
         874        3671
         875        3595
         876        3601
         877        3718
         878        3662
         879        3668
         880        3665
         881        3540
         882        3666
         883        3613
         884        3676
         885        3613
         886        3667
         887        3684
         888        3595
         889        3786
         890        3620
         891        3665
         892        3540
         893        3624
         894        3618
         895        3545
         896        3737
         897        3665
         898        3590
         899        3549
         900        3746
         901        3667
         902        3546
         903        3736
         904        3541
         905        3665
         906        3541
         907        3546
         908        3688
         909        3664
         910        3745
         911        3747
         912        3542
         913        3539
         914        3671
         915        3666
         916        3664
         917        3610
         918        3538
         919        3788
         920        3545
         921        3667
         922        3664
         923        3743
         924        3667
         925        3647
         926        3672
         927        3785
         928        3542
         929        3667
         930        3670
         931        3614
         932        3545
         933        3782
         934        3612
         935        3744
         936        3538
         937        3674
         938        3745
         939        3549
         940        3667
         941        3672
         942        3544
         943        3619
         944        3668
         945        3671
         946        3712
         947        3543
         948        3670
         949        3665
         950        3665
         951        3670
         952        3667
         953        3741
         954        3621
         955        3670
         956        3666
         957        3544
         958        3536
         959        3539
         960        3543
         961        3666
         962        3669
         963        3541
         964        3694
         965        3536
         966        3540
         967        3540
         968        3544
         969        3602
         970        3542
         971        3670
         972        3613
         973        3665
         974        3551
         975        3749
         976        3664
         977        3537
         978        3674
         979        3541
         980        3541
         981        3598
         982        3549
         983        3817
         984        3543
         985        3667
         986        3546
         987        3548
         988        3792
         989        3665
