         IDX      CYCLES
           0       68728
           1       69190
           2       67207
           3       69243
           4       70122
           5       67109
           6       67152
           7       67468
           8       71033
           9       70839
          10       70429
          11       69498
          12       67201
          13       69969
          14       67225
          15       69094
          16       68951
          17       71768
          18       69378
          19       67527
          20       68517
          21       69598
          22       67691
          23       67488
          24       69469
          25       69611
          26       69235
          27       69479
          28       69438
          29       67921
          30       70209
          31       69646
          32       66353
          33       70446
          34       71014
          35       67569
          36       67361
          37       69796
          38       70044
          39       68038
          40       68381
          41       67449
          42       68342
          43       69425
          44       72155
          45       67440
          46       67430
          47       67686
          48       67765
          49       68932
          50       69463
          51       66934
          52       69773
          53       66857
          54       70160
          55       69898
          56       69539
          57       68674
          58       67982
          59       68228
          60       68369
          61       67620
          62       69756
          63       67763
          64       67807
          65       67418
          66       69088
          67       69558
          68       68472
          69       69896
          70       69272
          71       69293
          72       69865
          73       67795
          74       67784
          75       67458
          76       67285
          77       68329
          78       69688
          79       67233
          80       69992
          81       69387
          82       69458
          83       70025
          84       69274
          85       68418
          86       72139
          87       67290
          88       68789
          89       69884
          90       68908
          91       67757
          92       69063
          93       67754
          94       67797
          95       71157
          96       68118
          97       67994
          98       72152
          99       69307
         100       71203
         101       67270
         102       69965
         103       69299
         104       66754
         105       69505
         106       68413
         107       71877
         108       68650
         109       67840
         110       69805
         111       67652
         112       68224
         113       69070
         114       68167
         115       67818
         116       68037
         117       68548
         118       67344
         119       69292
         120       69579
         121       69126
         122       69905
         123       70261
         124       67202
         125       67791
         126       67420
         127       69914
         128       67902
         129       67474
         130       68661
         131       70098
         132       68295
         133       71910
         134       67515
         135       69687
         136       71690
         137       67091
         138       67750
         139       69779
         140       70022
         141       70472
         142       70139
         143       66782
         144       68947
         145       66850
         146       67428
         147       69886
         148       67089
         149       70094
         150       70314
         151       67383
         152       70157
         153       68126
         154       68409
         155       69483
         156       70026
         157       69735
         158       67492
         159       71754
         160       67622
         161       67794
         162       69845
         163       68945
         164       70104
         165       68544
         166       68138
         167       67322
         168       68358
         169       69093
         170       69579
         171       69738
         172       67619
         173       69668
         174       67725
         175       67622
         176       69784
         177       66989
         178       68404
         179       69873
         180       71414
         181       67380
         182       70561
         183       69280
         184       69516
         185       69761
         186       70426
         187       68160
         188       67500
         189       69360
         190       71714
         191       67579
         192       70443
         193       69654
         194       67795
         195       69404
         196       70666
         197       67018
         198       71652
         199       67337
         200       67619
         201       69744
         202       70151
         203       69360
         204       67245
         205       67283
         206       69179
         207       68024
         208       69378
         209       69299
         210       68185
         211       67707
         212       70124
         213       68130
         214       67600
         215       67810
         216       67715
         217       66649
         218       69653
         219       67209
         220       72617
         221       69769
         222       69600
         223       68051
         224       67044
         225       69695
         226       69389
         227       70587
         228       69783
         229       67933
         230       70903
         231       68433
         232       70585
         233       69360
         234       72103
         235       67485
         236       69113
         237       70236
         238       67110
         239       67867
         240       68784
         241       70443
         242       69248
         243       70095
         244       69793
         245       67615
         246       69774
         247       68545
         248       72125
         249       69296
         250       68188
         251       67595
         252       68730
         253       68411
         254       70568
         255       71079
         256       69435
         257       68710
         258       66989
         259       68185
         260       71833
         261       69628
         262       69729
         263       67603
         264       69688
         265       70112
         266       67691
         267       70174
         268       69592
         269       70179
         270       67564
         271       69559
         272       67053
         273       69659
         274       66904
         275       71080
         276       69671
         277       67519
         278       70834
         279       70805
         280       70323
         281       70299
         282       69611
         283       68181
         284       69744
         285       67245
         286       70044
         287       68012
         288       71515
         289       67802
         290       69982
         291       67307
         292       70354
         293       69839
         294       69288
         295       70454
         296       67130
         297       69479
         298       70248
         299       67750
         300       67594
         301       69463
         302       69222
         303       67229
         304       68410
         305       69331
         306       69496
         307       69736
         308       68105
         309       67343
         310       67696
         311       67753
         312       68421
         313       69032
         314       67281
         315       68955
         316       67354
         317       67978
         318       68777
         319       70164
         320       68974
         321       71375
         322       67996
         323       66730
         324       67297
         325       68646
         326       67935
         327       70970
         328       68369
         329       68149
         330       68969
         331       69995
         332       67082
         333       69435
         334       69750
         335       72285
         336       69579
         337       67666
         338       70028
         339       67503
         340       70953
         341       68176
         342       69950
         343       69536
         344       70354
         345       67688
         346       67206
         347       67083
         348       69988
         349       66655
         350       67448
         351       68617
         352       70070
         353       68802
         354       68046
         355       69802
         356       69412
         357       70036
         358       68996
         359       69002
         360       69618
         361       69583
         362       69373
         363       69606
         364       67081
         365       70010
         366       69920
         367       69768
         368       69468
         369       67693
         370       70445
         371       67229
         372       67103
         373       67241
         374       72188
         375       67268
         376       69904
         377       69758
         378       67900
         379       69942
         380       66996
         381       69644
         382       66774
         383       69524
         384       70188
         385       67978
         386       68884
         387       67626
         388       71310
         389       67408
         390       71835
         391       67101
         392       69879
         393       69281
         394       67624
         395       69630
         396       69924
         397       70742
         398       67534
         399       72340
         400       68662
         401       67291
         402       69143
         403       70372
         404       68223
         405       71554
         406       67594
         407       67986
         408       69426
         409       67305
         410       67335
         411       70146
         412       67205
         413       70997
         414       71489
         415       69394
         416       67529
         417       66662
         418       70574
         419       69688
         420       70470
         421       69336
         422       67335
         423       69056
         424       69796
         425       67105
         426       67882
         427       68208
         428       68253
         429       69209
         430       66871
         431       69910
         432       69524
         433       69398
         434       68485
         435       67032
         436       67575
         437       69472
         438       67675
         439       67997
         440       67389
         441       67436
         442       68529
         443       67759
         444       68018
         445       69179
         446       67360
         447       68620
         448       70826
         449       69775
         450       68480
         451       68683
         452       66995
         453       67950
         454       69379
         455       67576
         456       68138
         457       69230
         458       68216
         459       70139
         460       68124
         461       69260
         462       70440
         463       70040
         464       67484
         465       69151
         466       71693
         467       68303
         468       69328
         469       69359
         470       67273
         471       67474
         472       68035
         473       66854
         474       67900
         475       67009
         476       71492
         477       67000
         478       69868
         479       69914
         480       69632
         481       69327
         482       70484
         483       69652
         484       68056
         485       67000
         486       69374
         487       69530
         488       68182
         489       68943
         490       70213
         491       67559
         492       70474
         493       72195
         494       69120
         495       67579
         496       67211
         497       67220
         498       66994
         499       69184
         500       68324
         501       68488
         502       71608
         503       69045
         504       67563
         505       68659
         506       68628
         507       69372
         508       69644
         509       69532
         510       70134
         511       69779
         512       70050
         513       67853
         514       70723
         515       67604
         516       67896
         517       67705
         518       71067
         519       67718
         520       68775
         521       67923
         522       70720
         523       67388
         524       70256
         525       68189
         526       70344
         527       69805
         528       70750
         529       70471
         530       68731
         531       67543
         532       67550
         533       71231
         534       69408
         535       68794
         536       68904
         537       68881
         538       70043
         539       69873
         540       69950
         541       69904
         542       68450
         543       71678
         544       68505
         545       70259
         546       69929
         547       68384
         548       70513
         549       70597
         550       66880
         551       69387
         552       70544
         553       68185
         554       71527
         555       67171
         556       67604
         557       68178
         558       69318
         559       68480
         560       69956
         561       68188
         562       69364
         563       69654
         564       69108
         565       70270
         566       70123
         567       69459
         568       67168
         569       70265
         570       67550
         571       70020
         572       68674
         573       68940
         574       67596
         575       67371
         576       68693
         577       70736
         578       70504
         579       68378
         580       69330
         581       71270
         582       68974
         583       69731
         584       68478
         585       70515
         586       68060
         587       67471
         588       68053
         589       67700
         590       67586
         591       67632
         592       70160
         593       69538
         594       69139
         595       67089
         596       71512
         597       70697
         598       70113
         599       69927
         600       68069
         601       70233
         602       68721
         603       67244
         604       67423
         605       67552
         606       68313
         607       67372
         608       71638
         609       67548
         610       70408
         611       67290
         612       68153
         613       71514
         614       67363
         615       69855
         616       67553
         617       67317
         618       68042
         619       67509
         620       69947
         621       68745
         622       69025
         623       67435
         624       70488
         625       69496
         626       69438
         627       71593
         628       67450
         629       66906
         630       67293
         631       69110
         632       67610
         633       69010
         634       66749
         635       68800
         636       69847
         637       71711
         638       67959
         639       67825
         640       69136
         641       67649
         642       67173
         643       68811
         644       69265
         645       69940
         646       69503
         647       70113
         648       67172
         649       67648
         650       68019
         651       69965
         652       67221
         653       66591
         654       68584
         655       68848
         656       68061
         657       69438
         658       67221
         659       69849
         660       69558
         661       67448
         662       70195
         663       69562
         664       68123
         665       69790
         666       68527
         667       67598
         668       69274
         669       67661
         670       69640
         671       70576
         672       70041
         673       67922
         674       67330
         675       68838
         676       69406
         677       69199
         678       67775
         679       66522
         680       68666
         681       69620
         682       69479
         683       68342
         684       69769
         685       67992
         686       67105
         687       67329
         688       67353
         689       68121
         690       69290
         691       69435
         692       68152
         693       67792
         694       69461
         695       69972
         696       69555
         697       69799
         698       69801
         699       67643
         700       66710
         701       67119
         702       67222
         703       67831
         704       70296
         705       66825
         706       67515
         707       69384
         708       68179
         709       68057
         710       69598
         711       70025
         712       68355
         713       68968
         714       70454
         715       67389
         716       70145
         717       69073
         718       70035
         719       67371
         720       69850
         721       68224
         722       72048
         723       67914
         724       69509
         725       69315
         726       69338
         727       70097
         728       67973
         729       70293
         730       69454
         731       70434
         732       69030
         733       70571
         734       69699
         735       68516
         736       69957
         737       70646
         738       68730
         739       71535
         740       69830
         741       70712
         742       70236
         743       67242
         744       69595
         745       67938
         746       67438
         747       73580
         748       69814
         749       70782
         750       67445
         751       71058
         752       69786
         753       70444
         754       69090
         755       67848
         756       69364
         757       69701
         758       68005
         759       67484
         760       69674
         761       69614
         762       67545
         763       69768
         764       70810
         765       69616
         766       69864
         767       67402
         768       66873
         769       69409
         770       68538
         771       67985
         772       69430
         773       68164
         774       67814
         775       67211
         776       67243
         777       69075
         778       67384
         779       68676
         780       67825
         781       68098
         782       70771
         783       67483
         784       71187
         785       72024
         786       71991
         787       66804
         788       69647
         789       69954
         790       69481
         791       67092
         792       69850
         793       67583
         794       68317
         795       68627
         796       67340
         797       67240
         798       68428
         799       71145
         800       67795
         801       69569
         802       67189
         803       68570
         804       67547
         805       68930
         806       67299
         807       69980
         808       70090
         809       71093
         810       69252
         811       71576
         812       67988
         813       69084
         814       69208
         815       70270
         816       69560
         817       69479
         818       69992
         819       67603
         820       68845
         821       66983
         822       70821
         823       71463
         824       68797
         825       66739
         826       67340
         827       69802
         828       67544
         829       68178
         830       67411
         831       70078
         832       70348
         833       68961
         834       67518
         835       69891
         836       67402
         837       69412
         838       68453
         839       68524
         840       71309
         841       68160
         842       69582
         843       68530
         844       67104
         845       69431
         846       71799
         847       67108
         848       67552
         849       69498
         850       70671
         851       67955
         852       69534
         853       67767
         854       69630
         855       67359
         856       67218
         857       69634
         858       67228
         859       67920
         860       69598
         861       69995
         862       67677
         863       70881
         864       67841
         865       67749
         866       70120
         867       71697
         868       67733
         869       70373
         870       67933
         871       67924
         872       67583
         873       69503
         874       68965
         875       69353
         876       67430
         877       69698
         878       71502
         879       68220
         880       68516
         881       67398
         882       67969
         883       68457
         884       67541
         885       69950
         886       67584
         887       68950
         888       69554
         889       69685
         890       69855
         891       67358
         892       69764
         893       69334
         894       67804
         895       69066
         896       68515
         897       70322
         898       67649
         899       67583
         900       67924
         901       66734
         902       67658
         903       68550
         904       69454
         905       68986
         906       67646
         907       67664
         908       68617
         909       68724
         910       68338
         911       70020
         912       68561
         913       67763
         914       69413
         915       70310
         916       66891
         917       70334
         918       67552
         919       67832
         920       67655
         921       67835
         922       68083
         923       67328
         924       68880
         925       67556
         926       69414
         927       67078
         928       68952
         929       67352
         930       68001
         931       70238
         932       67264
         933       67594
         934       68996
         935       66749
         936       70180
         937       68795
         938       69284
         939       68100
         940       68258
         941       69258
         942       67549
         943       67160
         944       71190
         945       68959
         946       70673
         947       67284
         948       67316
         949       67191
         950       69549
         951       67853
         952       67032
         953       67695
         954       68814
         955       67981
         956       67302
         957       68518
         958       70543
         959       67576
         960       69117
         961       67474
         962       70061
         963       70440
         964       67915
         965       69895
         966       67900
         967       67832
         968       67692
         969       68918
         970       68859
         971       69865
         972       66511
         973       68044
         974       68186
         975       69721
         976       68479
         977       68746
         978       70629
         979       67950
         980       69787
         981       69425
         982       68690
         983       69180
         984       69705
         985       72804
         986       69940
         987       68050
         988       67650
         989       71367
