         IDX      L1D-WB
           0        3663
           1        3616
           2        3550
           3        3662
           4        3667
           5        3542
           6        3543
           7        3552
           8        3737
           9        3735
          10        3668
          11        3669
          12        3545
          13        3664
          14        3545
          15        3667
          16        3616
          17        3791
          18        3670
          19        3539
          20        3542
          21        3666
          22        3540
          23        3541
          24        3673
          25        3667
          26        3666
          27        3671
          28        3666
          29        3540
          30        3668
          31        3665
          32        3537
          33        3668
          34        3746
          35        3539
          36        3550
          37        3666
          38        3666
          39        3548
          40        3617
          41        3542
          42        3543
          43        3663
          44        3785
          45        3547
          46        3543
          47        3548
          48        3536
          49        3612
          50        3685
          51        3542
          52        3663
          53        3549
          54        3672
          55        3672
          56        3666
          57        3618
          58        3541
          59        3586
          60        3592
          61        3537
          62        3665
          63        3542
          64        3544
          65        3538
          66        3665
          67        3623
          68        3541
          69        3641
          70        3623
          71        3626
          72        3686
          73        3542
          74        3545
          75        3543
          76        3544
          77        3545
          78        3664
          79        3541
          80        3668
          81        3665
          82        3669
          83        3669
          84        3664
          85        3540
          86        3790
          87        3543
          88        3666
          89        3668
          90        3669
          91        3545
          92        3613
          93        3544
          94        3543
          95        3714
          96        3592
          97        3543
          98        3791
          99        3665
         100        3740
         101        3543
         102        3671
         103        3668
         104        3539
         105        3665
         106        3596
         107        3793
         108        3618
         109        3548
         110        3673
         111        3540
         112        3586
         113        3589
         114        3588
         115        3545
         116        3545
         117        3622
         118        3549
         119        3665
         120        3664
         121        3663
         122        3644
         123        3665
         124        3542
         125        3542
         126        3545
         127        3671
         128        3541
         129        3538
         130        3619
         131        3673
         132        3597
         133        3787
         134        3543
         135        3672
         136        3791
         137        3547
         138        3613
         139        3664
         140        3666
         141        3672
         142        3667
         143        3540
         144        3612
         145        3547
         146        3542
         147        3673
         148        3537
         149        3670
         150        3740
         151        3543
         152        3669
         153        3617
         154        3618
         155        3612
         156        3669
         157        3667
         158        3543
         159        3794
         160        3539
         161        3544
         162        3672
         163        3608
         164        3666
         165        3617
         166        3614
         167        3551
         168        3617
         169        3664
         170        3672
         171        3667
         172        3541
         173        3667
         174        3543
         175        3549
         176        3666
         177        3545
         178        3546
         179        3666
         180        3736
         181        3547
         182        3670
         183        3617
         184        3648
         185        3665
         186        3666
         187        3539
         188        3546
         189        3667
         190        3786
         191        3549
         192        3689
         193        3664
         194        3539
         195        3664
         196        3661
         197        3541
         198        3743
         199        3547
         200        3543
         201        3666
         202        3666
         203        3664
         204        3536
         205        3540
         206        3658
         207        3541
         208        3614
         209        3613
         210        3539
         211        3543
         212        3690
         213        3590
         214        3539
         215        3537
         216        3539
         217        3539
         218        3661
         219        3551
         220        3837
         221        3670
         222        3667
         223        3546
         224        3544
         225        3668
         226        3664
         227        3737
         228        3666
         229        3596
         230        3737
         231        3585
         232        3713
         233        3664
         234        3792
         235        3539
         236        3671
         237        3674
         238        3541
         239        3547
         240        3663
         241        3662
         242        3664
         243        3665
         244        3674
         245        3545
         246        3666
         247        3617
         248        3793
         249        3614
         250        3544
         251        3541
         252        3619
         253        3641
         254        3668
         255        3770
         256        3667
         257        3667
         258        3543
         259        3544
         260        3792
         261        3667
         262        3623
         263        3546
         264        3664
         265        3664
         266        3540
         267        3663
         268        3666
         269        3666
         270        3549
         271        3672
         272        3544
         273        3665
         274        3547
         275        3732
         276        3670
         277        3548
         278        3724
         279        3726
         280        3738
         281        3668
         282        3669
         283        3603
         284        3700
         285        3537
         286        3670
         287        3543
         288        3791
         289        3539
         290        3665
         291        3548
         292        3672
         293        3664
         294        3665
         295        3717
         296        3539
         297        3665
         298        3665
         299        3542
         300        3543
         301        3668
         302        3667
         303        3550
         304        3552
         305        3664
         306        3689
         307        3661
         308        3588
         309        3542
         310        3541
         311        3541
         312        3607
         313        3601
         314        3542
         315        3595
         316        3547
         317        3539
         318        3617
         319        3711
         320        3663
         321        3736
         322        3542
         323        3546
         324        3612
         325        3615
         326        3551
         327        3714
         328        3539
         329        3592
         330        3617
         331        3667
         332        3538
         333        3662
         334        3668
         335        3788
         336        3664
         337        3541
         338        3670
         339        3545
         340        3742
         341        3545
         342        3667
         343        3665
         344        3664
         345        3549
         346        3544
         347        3549
         348        3667
         349        3543
         350        3542
         351        3620
         352        3667
         353        3621
         354        3622
         355        3666
         356        3666
         357        3742
         358        3665
         359        3595
         360        3664
         361        3667
         362        3666
         363        3667
         364        3538
         365        3663
         366        3618
         367        3669
         368        3639
         369        3543
         370        3719
         371        3545
         372        3539
         373        3554
         374        3791
         375        3554
         376        3669
         377        3670
         378        3547
         379        3673
         380        3541
         381        3668
         382        3545
         383        3667
         384        3669
         385        3539
         386        3619
         387        3542
         388        3793
         389        3542
         390        3792
         391        3552
         392        3668
         393        3666
         394        3544
         395        3672
         396        3691
         397        3738
         398        3542
         399        3790
         400        3617
         401        3546
         402        3618
         403        3671
         404        3547
         405        3792
         406        3551
         407        3541
         408        3666
         409        3543
         410        3543
         411        3672
         412        3543
         413        3740
         414        3788
         415        3667
         416        3544
         417        3541
         418        3735
         419        3665
         420        3719
         421        3618
         422        3540
         423        3673
         424        3673
         425        3545
         426        3544
         427        3544
         428        3595
         429        3660
         430        3544
         431        3663
         432        3666
         433        3667
         434        3612
         435        3547
         436        3548
         437        3669
         438        3543
         439        3542
         440        3539
         441        3541
         442        3544
         443        3540
         444        3608
         445        3608
         446        3545
         447        3616
         448        3757
         449        3663
         450        3598
         451        3623
         452        3541
         453        3547
         454        3668
         455        3561
         456        3609
         457        3661
         458        3616
         459        3664
         460        3551
         461        3620
         462        3712
         463        3664
         464        3548
         465        3615
         466        3792
         467        3619
         468        3665
         469        3667
         470        3540
         471        3543
         472        3547
         473        3540
         474        3541
         475        3553
         476        3784
         477        3542
         478        3662
         479        3665
         480        3675
         481        3667
         482        3665
         483        3667
         484        3543
         485        3541
         486        3671
         487        3615
         488        3595
         489        3619
         490        3710
         491        3551
         492        3669
         493        3787
         494        3666
         495        3541
         496        3544
         497        3538
         498        3540
         499        3617
         500        3664
         501        3548
         502        3785
         503        3665
         504        3536
         505        3620
         506        3617
         507        3638
         508        3665
         509        3669
         510        3668
         511        3665
         512        3664
         513        3544
         514        3739
         515        3542
         516        3538
         517        3540
         518        3736
         519        3548
         520        3598
         521        3599
         522        3741
         523        3548
         524        3666
         525        3546
         526        3666
         527        3672
         528        3738
         529        3667
         530        3664
         531        3546
         532        3544
         533        3783
         534        3665
         535        3619
         536        3635
         537        3595
         538        3670
         539        3666
         540        3688
         541        3659
         542        3617
         543        3789
         544        3548
         545        3665
         546        3667
         547        3549
         548        3668
         549        3667
         550        3544
         551        3672
         552        3670
         553        3545
         554        3788
         555        3543
         556        3546
         557        3546
         558        3666
         559        3542
         560        3665
         561        3588
         562        3666
         563        3665
         564        3665
         565        3664
         566        3664
         567        3666
         568        3545
         569        3665
         570        3538
         571        3667
         572        3617
         573        3612
         574        3543
         575        3542
         576        3599
         577        3735
         578        3741
         579        3542
         580        3635
         581        3773
         582        3595
         583        3668
         584        3613
         585        3691
         586        3557
         587        3545
         588        3543
         589        3543
         590        3547
         591        3551
         592        3669
         593        3674
         594        3592
         595        3545
         596        3739
         597        3732
         598        3667
         599        3664
         600        3536
         601        3667
         602        3620
         603        3543
         604        3542
         605        3541
         606        3544
         607        3549
         608        3740
         609        3543
         610        3665
         611        3543
         612        3538
         613        3795
         614        3542
         615        3665
         616        3543
         617        3547
         618        3545
         619        3544
         620        3688
         621        3665
         622        3620
         623        3544
         624        3691
         625        3664
         626        3672
         627        3743
         628        3543
         629        3538
         630        3540
         631        3614
         632        3540
         633        3620
         634        3556
         635        3593
         636        3618
         637        3763
         638        3545
         639        3543
         640        3666
         641        3543
         642        3546
         643        3615
         644        3614
         645        3663
         646        3667
         647        3662
         648        3543
         649        3545
         650        3596
         651        3660
         652        3549
         653        3540
         654        3614
         655        3619
         656        3546
         657        3644
         658        3551
         659        3669
         660        3671
         661        3550
         662        3666
         663        3668
         664        3544
         665        3674
         666        3589
         667        3540
         668        3688
         669        3617
         670        3665
         671        3670
         672        3669
         673        3543
         674        3539
         675        3667
         676        3670
         677        3666
         678        3540
         679        3541
         680        3595
         681        3666
         682        3664
         683        3538
         684        3674
         685        3541
         686        3541
         687        3540
         688        3548
         689        3594
         690        3657
         691        3666
         692        3593
         693        3545
         694        3666
         695        3665
         696        3667
         697        3664
         698        3662
         699        3546
         700        3542
         701        3542
         702        3545
         703        3544
         704        3662
         705        3547
         706        3549
         707        3616
         708        3548
         709        3551
         710        3673
         711        3673
         712        3593
         713        3667
         714        3683
         715        3545
         716        3668
         717        3667
         718        3666
         719        3549
         720        3671
         721        3590
         722        3789
         723        3542
         724        3670
         725        3620
         726        3603
         727        3664
         728        3536
         729        3664
         730        3664
         731        3664
         732        3664
         733        3664
         734        3664
         735        3658
         736        3665
         737        3713
         738        3617
         739        3790
         740        3667
         741        3671
         742        3666
         743        3546
         744        3672
         745        3547
         746        3547
         747        3913
         748        3667
         749        3664
         750        3537
         751        3741
         752        3668
         753        3670
         754        3669
         755        3541
         756        3664
         757        3671
         758        3545
         759        3540
         760        3666
         761        3665
         762        3538
         763        3665
         764        3718
         765        3671
         766        3664
         767        3538
         768        3553
         769        3670
         770        3540
         771        3542
         772        3625
         773        3547
         774        3538
         775        3544
         776        3541
         777        3664
         778        3539
         779        3614
         780        3548
         781        3542
         782        3733
         783        3553
         784        3738
         785        3792
         786        3784
         787        3549
         788        3669
         789        3663
         790        3667
         791        3553
         792        3674
         793        3540
         794        3550
         795        3663
         796        3541
         797        3542
         798        3618
         799        3740
         800        3547
         801        3662
         802        3542
         803        3668
         804        3545
         805        3614
         806        3544
         807        3735
         808        3670
         809        3793
         810        3671
         811        3792
         812        3598
         813        3671
         814        3665
         815        3713
         816        3665
         817        3664
         818        3718
         819        3545
         820        3628
         821        3543
         822        3724
         823        3740
         824        3612
         825        3543
         826        3548
         827        3669
         828        3545
         829        3623
         830        3544
         831        3669
         832        3671
         833        3667
         834        3542
         835        3669
         836        3547
         837        3672
         838        3550
         839        3594
         840        3740
         841        3591
         842        3669
         843        3538
         844        3549
         845        3674
         846        3792
         847        3540
         848        3542
         849        3669
         850        3735
         851        3547
         852        3683
         853        3539
         854        3664
         855        3550
         856        3539
         857        3666
         858        3555
         859        3542
         860        3667
         861        3666
         862        3540
         863        3719
         864        3547
         865        3544
         866        3668
         867        3739
         868        3543
         869        3670
         870        3537
         871        3547
         872        3542
         873        3615
         874        3624
         875        3616
         876        3545
         877        3669
         878        3792
         879        3537
         880        3613
         881        3541
         882        3540
         883        3537
         884        3540
         885        3682
         886        3539
         887        3627
         888        3663
         889        3621
         890        3665
         891        3556
         892        3673
         893        3667
         894        3543
         895        3670
         896        3590
         897        3666
         898        3541
         899        3543
         900        3546
         901        3542
         902        3550
         903        3619
         904        3668
         905        3667
         906        3547
         907        3540
         908        3607
         909        3595
         910        3544
         911        3661
         912        3614
         913        3543
         914        3670
         915        3670
         916        3541
         917        3669
         918        3546
         919        3542
         920        3545
         921        3542
         922        3587
         923        3542
         924        3618
         925        3549
         926        3618
         927        3540
         928        3662
         929        3544
         930        3551
         931        3662
         932        3543
         933        3542
         934        3616
         935        3543
         936        3668
         937        3613
         938        3626
         939        3547
         940        3546
         941        3617
         942        3545
         943        3546
         944        3708
         945        3627
         946        3715
         947        3546
         948        3542
         949        3545
         950        3666
         951        3545
         952        3539
         953        3550
         954        3611
         955        3595
         956        3545
         957        3543
         958        3743
         959        3597
         960        3668
         961        3540
         962        3669
         963        3738
         964        3542
         965        3671
         966        3541
         967        3592
         968        3597
         969        3595
         970        3613
         971        3723
         972        3543
         973        3618
         974        3593
         975        3665
         976        3591
         977        3619
         978        3665
         979        3548
         980        3674
         981        3613
         982        3613
         983        3613
         984        3665
         985        3792
         986        3668
         987        3543
         988        3539
         989        3784
